ts,t,experiment_id,session_id,device_id,statusword,statusword_flags,mode_display,error_code,position,velocity,current,current_A,torque,torque_Nm,dc_bus_voltage,drive_temp,rated_current,rated_torque,max_motor_speed,target_position,target_velocity,target_torque,acceleration_cmd,deceleration_cmd,regime_label,risk_label,is_artificial_anomaly,load_type,direction,operator_comment,software_version
1781157302.4441445,0.0,A1_HOLDING_SERVO_ON,A1_HOLDING_SERVO_ON_R03_20260611_125501,delta-asda-b3-e,1616,VE|SOD|TR,1,0,-7101,0,-1,-0.00427,0,0.0,298,48,4270,2391,6000,,0,,,,holding,normal,0,no_load,none,"A1: Servo ON, shaft stationary",servo-app/lab-0.1
1781157302.710123,0.2659785747528076,A1_HOLDING_SERVO_ON,A1_HOLDING_SERVO_ON_R03_20260611_125501,delta-asda-b3-e,1616,VE|SOD|TR,1,0,-7097,0,0,0.0,-1,-0.002391,298,48,4270,2391,6000,,0,,,,holding,normal,0,no_load,none,"A1: Servo ON, shaft stationary",servo-app/lab-0.1
1781157302.8103118,0.3661673069000244,A1_HOLDING_SERVO_ON,A1_HOLDING_SERVO_ON_R03_20260611_125501,delta-asda-b3-e,1616,VE|SOD|TR,1,0,-7101,0,-1,-0.00427,0,0.0,299,48,4270,2391,6000,,0,,,,holding,normal,0,no_load,none,"A1: Servo ON, shaft stationary",servo-app/lab-0.1
1781157302.9110818,0.4669373035430908,A1_HOLDING_SERVO_ON,A1_HOLDING_SERVO_ON_R03_20260611_125501,delta-asda-b3-e,1616,VE|SOD|TR,1,0,-7095,0,-1,-0.00427,-1,-0.002391,299,47,4270,2391,6000,,0,,,,holding,normal,0,no_load,none,"A1: Servo ON, shaft stationary",servo-app/lab-0.1
1781157303.0114675,0.5673229694366455,A1_HOLDING_SERVO_ON,A1_HOLDING_SERVO_ON_R03_20260611_125501,delta-asda-b3-e,1616,VE|SOD|TR,1,0,-7091,0,0,0.0,0,0.0,298,47,4270,2391,6000,,0,,,,holding,normal,0,no_load,none,"A1: Servo ON, shaft stationary",servo-app/lab-0.1
1781157303.1118994,0.6677548885345459,A1_HOLDING_SERVO_ON,A1_HOLDING_SERVO_ON_R03_20260611_125501,delta-asda-b3-e,1616,VE|SOD|TR,1,0,-7091,0,0,0.0,0,0.0,299,47,4270,2391,6000,,0,,,,holding,normal,0,no_load,none,"A1: Servo ON, shaft stationary",servo-app/lab-0.1
1781157303.2122312,0.7680866718292236,A1_HOLDING_SERVO_ON,A1_HOLDING_SERVO_ON_R03_20260611_125501,delta-asda-b3-e,1616,VE|SOD|TR,1,0,-7095,0,-1,-0.00427,0,0.0,299,47,4270,2391,6000,,0,,,,holding,normal,0,no_load,none,"A1: Servo ON, shaft stationary",servo-app/lab-0.1
1781157303.3122942,0.8681497573852539,A1_HOLDING_SERVO_ON,A1_HOLDING_SERVO_ON_R03_20260611_125501,delta-asda-b3-e,1616,VE|SOD|TR,1,0,-7095,0,-1,-0.00427,-1,-0.002391,298,47,4270,2391,6000,,0,,,,holding,normal,0,no_load,none,"A1: Servo ON, shaft stationary",servo-app/lab-0.1
1781157303.4125721,0.9684276580810547,A1_HOLDING_SERVO_ON,A1_HOLDING_SERVO_ON_R03_20260611_125501,delta-asda-b3-e,1616,VE|SOD|TR,1,0,-7097,0,-1,-0.00427,0,0.0,299,47,4270,2391,6000,,0,,,,holding,normal,0,no_load,none,"A1: Servo ON, shaft stationary",servo-app/lab-0.1
1781157303.5126376,1.068493127822876,A1_HOLDING_SERVO_ON,A1_HOLDING_SERVO_ON_R03_20260611_125501,delta-asda-b3-e,1616,VE|SOD|TR,1,0,-7095,0,0,0.0,0,0.0,299,48,4270,2391,6000,,0,,,,holding,normal,0,no_load,none,"A1: Servo ON, shaft stationary",servo-app/lab-0.1
1781157303.612703,1.1685585975646973,A1_HOLDING_SERVO_ON,A1_HOLDING_SERVO_ON_R03_20260611_125501,delta-asda-b3-e,1616,VE|SOD|TR,1,0,-7087,0,0,0.0,-1,-0.002391,299,48,4270,2391,6000,,0,,,,holding,normal,0,no_load,none,"A1: Servo ON, shaft stationary",servo-app/lab-0.1
1781157303.7127888,1.2686443328857422,A1_HOLDING_SERVO_ON,A1_HOLDING_SERVO_ON_R03_20260611_125501,delta-asda-b3-e,1616,VE|SOD|TR,1,0,-7095,0,0,0.0,0,0.0,298,48,4270,2391,6000,,0,,,,holding,normal,0,no_load,none,"A1: Servo ON, shaft stationary",servo-app/lab-0.1
1781157303.8132067,1.3690621852874756,A1_HOLDING_SERVO_ON,A1_HOLDING_SERVO_ON_R03_20260611_125501,delta-asda-b3-e,1616,VE|SOD|TR,1,0,-7097,0,-1,-0.00427,0,0.0,299,48,4270,2391,6000,,0,,,,holding,normal,0,no_load,none,"A1: Servo ON, shaft stationary",servo-app/lab-0.1
1781157303.9133103,1.4691658020019531,A1_HOLDING_SERVO_ON,A1_HOLDING_SERVO_ON_R03_20260611_125501,delta-asda-b3-e,1616,VE|SOD|TR,1,0,-7097,0,-1,-0.00427,-1,-0.002391,298,47,4270,2391,6000,,0,,,,holding,normal,0,no_load,none,"A1: Servo ON, shaft stationary",servo-app/lab-0.1
1781157304.0133789,1.5692343711853027,A1_HOLDING_SERVO_ON,A1_HOLDING_SERVO_ON_R03_20260611_125501,delta-asda-b3-e,1616,VE|SOD|TR,1,0,-7101,0,-1,-0.00427,-1,-0.002391,299,48,4270,2391,6000,,0,,,,holding,normal,0,no_load,none,"A1: Servo ON, shaft stationary",servo-app/lab-0.1
1781157304.1138911,1.6697466373443604,A1_HOLDING_SERVO_ON,A1_HOLDING_SERVO_ON_R03_20260611_125501,delta-asda-b3-e,1616,VE|SOD|TR,1,0,-7095,0,-1,-0.00427,-1,-0.002391,299,47,4270,2391,6000,,0,,,,holding,normal,0,no_load,none,"A1: Servo ON, shaft stationary",servo-app/lab-0.1
1781157304.21454,1.7703955173492432,A1_HOLDING_SERVO_ON,A1_HOLDING_SERVO_ON_R03_20260611_125501,delta-asda-b3-e,1616,VE|SOD|TR,1,0,-7101,0,0,0.0,-1,-0.002391,299,47,4270,2391,6000,,0,,,,holding,normal,0,no_load,none,"A1: Servo ON, shaft stationary",servo-app/lab-0.1
1781157304.3152833,1.8711388111114502,A1_HOLDING_SERVO_ON,A1_HOLDING_SERVO_ON_R03_20260611_125501,delta-asda-b3-e,1616,VE|SOD|TR,1,0,-7095,0,0,0.0,0,0.0,299,47,4270,2391,6000,,0,,,,holding,normal,0,no_load,none,"A1: Servo ON, shaft stationary",servo-app/lab-0.1
1781157304.4155192,1.971374750137329,A1_HOLDING_SERVO_ON,A1_HOLDING_SERVO_ON_R03_20260611_125501,delta-asda-b3-e,1616,VE|SOD|TR,1,0,-7101,0,-1,-0.00427,-1,-0.002391,298,47,4270,2391,6000,,0,,,,holding,normal,0,no_load,none,"A1: Servo ON, shaft stationary",servo-app/lab-0.1
1781157304.5173385,2.0731940269470215,A1_HOLDING_SERVO_ON,A1_HOLDING_SERVO_ON_R03_20260611_125501,delta-asda-b3-e,1616,VE|SOD|TR,1,0,-7097,0,-1,-0.00427,0,0.0,299,48,4270,2391,6000,,0,,,,holding,normal,0,no_load,none,"A1: Servo ON, shaft stationary",servo-app/lab-0.1
1781157304.6178198,2.173675298690796,A1_HOLDING_SERVO_ON,A1_HOLDING_SERVO_ON_R03_20260611_125501,delta-asda-b3-e,1616,VE|SOD|TR,1,0,-7097,0,0,0.0,0,0.0,299,47,4270,2391,6000,,0,,,,holding,normal,0,no_load,none,"A1: Servo ON, shaft stationary",servo-app/lab-0.1
1781157304.718274,2.274129629135132,A1_HOLDING_SERVO_ON,A1_HOLDING_SERVO_ON_R03_20260611_125501,delta-asda-b3-e,1616,VE|SOD|TR,1,0,-7101,0,-1,-0.00427,0,0.0,299,47,4270,2391,6000,,0,,,,holding,normal,0,no_load,none,"A1: Servo ON, shaft stationary",servo-app/lab-0.1
1781157304.8183253,2.374180793762207,A1_HOLDING_SERVO_ON,A1_HOLDING_SERVO_ON_R03_20260611_125501,delta-asda-b3-e,1616,VE|SOD|TR,1,0,-7101,0,0,0.0,0,0.0,299,47,4270,2391,6000,,0,,,,holding,normal,0,no_load,none,"A1: Servo ON, shaft stationary",servo-app/lab-0.1
1781157304.9190178,2.4748733043670654,A1_HOLDING_SERVO_ON,A1_HOLDING_SERVO_ON_R03_20260611_125501,delta-asda-b3-e,1616,VE|SOD|TR,1,0,-7101,0,0,0.0,-1,-0.002391,299,47,4270,2391,6000,,0,,,,holding,normal,0,no_load,none,"A1: Servo ON, shaft stationary",servo-app/lab-0.1
1781157305.019161,2.575016498565674,A1_HOLDING_SERVO_ON,A1_HOLDING_SERVO_ON_R03_20260611_125501,delta-asda-b3-e,1616,VE|SOD|TR,1,0,-7095,0,0,0.0,0,0.0,299,48,4270,2391,6000,,0,,,,holding,normal,0,no_load,none,"A1: Servo ON, shaft stationary",servo-app/lab-0.1
1781157305.1194057,2.6752612590789795,A1_HOLDING_SERVO_ON,A1_HOLDING_SERVO_ON_R03_20260611_125501,delta-asda-b3-e,1616,VE|SOD|TR,1,0,-7087,0,0,0.0,-1,-0.002391,299,47,4270,2391,6000,,0,,,,holding,normal,0,no_load,none,"A1: Servo ON, shaft stationary",servo-app/lab-0.1
1781157305.2196589,2.7755143642425537,A1_HOLDING_SERVO_ON,A1_HOLDING_SERVO_ON_R03_20260611_125501,delta-asda-b3-e,1616,VE|SOD|TR,1,0,-7091,0,0,0.0,-1,-0.002391,299,48,4270,2391,6000,,0,,,,holding,normal,0,no_load,none,"A1: Servo ON, shaft stationary",servo-app/lab-0.1
1781157305.3201728,2.876028299331665,A1_HOLDING_SERVO_ON,A1_HOLDING_SERVO_ON_R03_20260611_125501,delta-asda-b3-e,1616,VE|SOD|TR,1,0,-7097,0,0,0.0,0,0.0,299,47,4270,2391,6000,,0,,,,holding,normal,0,no_load,none,"A1: Servo ON, shaft stationary",servo-app/lab-0.1
1781157305.4207551,2.9766106605529785,A1_HOLDING_SERVO_ON,A1_HOLDING_SERVO_ON_R03_20260611_125501,delta-asda-b3-e,1616,VE|SOD|TR,1,0,-7091,0,0,0.0,0,0.0,299,47,4270,2391,6000,,0,,,,holding,normal,0,no_load,none,"A1: Servo ON, shaft stationary",servo-app/lab-0.1
1781157305.5209134,3.0767688751220703,A1_HOLDING_SERVO_ON,A1_HOLDING_SERVO_ON_R03_20260611_125501,delta-asda-b3-e,1616,VE|SOD|TR,1,0,-7101,0,-1,-0.00427,-1,-0.002391,299,47,4270,2391,6000,,0,,,,holding,normal,0,no_load,none,"A1: Servo ON, shaft stationary",servo-app/lab-0.1
1781157305.6212125,3.177067995071411,A1_HOLDING_SERVO_ON,A1_HOLDING_SERVO_ON_R03_20260611_125501,delta-asda-b3-e,1616,VE|SOD|TR,1,0,-7095,0,-1,-0.00427,0,0.0,299,48,4270,2391,6000,,0,,,,holding,normal,0,no_load,none,"A1: Servo ON, shaft stationary",servo-app/lab-0.1
1781157305.7219129,3.27776837348938,A1_HOLDING_SERVO_ON,A1_HOLDING_SERVO_ON_R03_20260611_125501,delta-asda-b3-e,1616,VE|SOD|TR,1,0,-7091,0,0,0.0,0,0.0,299,47,4270,2391,6000,,0,,,,holding,normal,0,no_load,none,"A1: Servo ON, shaft stationary",servo-app/lab-0.1
1781157305.8222091,3.3780646324157715,A1_HOLDING_SERVO_ON,A1_HOLDING_SERVO_ON_R03_20260611_125501,delta-asda-b3-e,1616,VE|SOD|TR,1,0,-7101,0,0,0.0,-1,-0.002391,299,48,4270,2391,6000,,0,,,,holding,normal,0,no_load,none,"A1: Servo ON, shaft stationary",servo-app/lab-0.1
1781157305.922675,3.4785304069519043,A1_HOLDING_SERVO_ON,A1_HOLDING_SERVO_ON_R03_20260611_125501,delta-asda-b3-e,1616,VE|SOD|TR,1,0,-7095,0,-1,-0.00427,-1,-0.002391,299,48,4270,2391,6000,,0,,,,holding,normal,0,no_load,none,"A1: Servo ON, shaft stationary",servo-app/lab-0.1
1781157306.0228786,3.5787341594696045,A1_HOLDING_SERVO_ON,A1_HOLDING_SERVO_ON_R03_20260611_125501,delta-asda-b3-e,1616,VE|SOD|TR,1,0,-7091,0,-1,-0.00427,0,0.0,299,48,4270,2391,6000,,0,,,,holding,normal,0,no_load,none,"A1: Servo ON, shaft stationary",servo-app/lab-0.1
1781157306.1233346,3.679190158843994,A1_HOLDING_SERVO_ON,A1_HOLDING_SERVO_ON_R03_20260611_125501,delta-asda-b3-e,1616,VE|SOD|TR,1,0,-7095,0,-1,-0.00427,-1,-0.002391,299,48,4270,2391,6000,,0,,,,holding,normal,0,no_load,none,"A1: Servo ON, shaft stationary",servo-app/lab-0.1
1781157306.2237234,3.779578924179077,A1_HOLDING_SERVO_ON,A1_HOLDING_SERVO_ON_R03_20260611_125501,delta-asda-b3-e,1616,VE|SOD|TR,1,0,-7101,0,-1,-0.00427,-1,-0.002391,299,48,4270,2391,6000,,0,,,,holding,normal,0,no_load,none,"A1: Servo ON, shaft stationary",servo-app/lab-0.1
1781157306.3238006,3.8796560764312744,A1_HOLDING_SERVO_ON,A1_HOLDING_SERVO_ON_R03_20260611_125501,delta-asda-b3-e,1616,VE|SOD|TR,1,0,-7091,0,0,0.0,0,0.0,299,47,4270,2391,6000,,0,,,,holding,normal,0,no_load,none,"A1: Servo ON, shaft stationary",servo-app/lab-0.1
1781157306.424193,3.980048418045044,A1_HOLDING_SERVO_ON,A1_HOLDING_SERVO_ON_R03_20260611_125501,delta-asda-b3-e,1616,VE|SOD|TR,1,0,-7097,0,0,0.0,-1,-0.002391,298,48,4270,2391,6000,,0,,,,holding,normal,0,no_load,none,"A1: Servo ON, shaft stationary",servo-app/lab-0.1
1781157306.524533,4.08038854598999,A1_HOLDING_SERVO_ON,A1_HOLDING_SERVO_ON_R03_20260611_125501,delta-asda-b3-e,1616,VE|SOD|TR,1,0,-7101,0,0,0.0,-1,-0.002391,299,48,4270,2391,6000,,0,,,,holding,normal,0,no_load,none,"A1: Servo ON, shaft stationary",servo-app/lab-0.1
1781157306.624876,4.180731534957886,A1_HOLDING_SERVO_ON,A1_HOLDING_SERVO_ON_R03_20260611_125501,delta-asda-b3-e,1616,VE|SOD|TR,1,0,-7095,0,0,0.0,-1,-0.002391,299,48,4270,2391,6000,,0,,,,holding,normal,0,no_load,none,"A1: Servo ON, shaft stationary",servo-app/lab-0.1
1781157306.7251637,4.28101921081543,A1_HOLDING_SERVO_ON,A1_HOLDING_SERVO_ON_R03_20260611_125501,delta-asda-b3-e,1616,VE|SOD|TR,1,0,-7097,0,0,0.0,-1,-0.002391,298,48,4270,2391,6000,,0,,,,holding,normal,0,no_load,none,"A1: Servo ON, shaft stationary",servo-app/lab-0.1
1781157306.82564,4.381495475769043,A1_HOLDING_SERVO_ON,A1_HOLDING_SERVO_ON_R03_20260611_125501,delta-asda-b3-e,1616,VE|SOD|TR,1,0,-7095,0,0,0.0,0,0.0,299,48,4270,2391,6000,,0,,,,holding,normal,0,no_load,none,"A1: Servo ON, shaft stationary",servo-app/lab-0.1
1781157306.926436,4.4822914600372314,A1_HOLDING_SERVO_ON,A1_HOLDING_SERVO_ON_R03_20260611_125501,delta-asda-b3-e,1616,VE|SOD|TR,1,0,-7091,0,0,0.0,0,0.0,298,48,4270,2391,6000,,0,,,,holding,normal,0,no_load,none,"A1: Servo ON, shaft stationary",servo-app/lab-0.1
1781157307.0267344,4.582589864730835,A1_HOLDING_SERVO_ON,A1_HOLDING_SERVO_ON_R03_20260611_125501,delta-asda-b3-e,1616,VE|SOD|TR,1,0,-7087,0,0,0.0,-1,-0.002391,299,47,4270,2391,6000,,0,,,,holding,normal,0,no_load,none,"A1: Servo ON, shaft stationary",servo-app/lab-0.1
1781157307.1271236,4.682979106903076,A1_HOLDING_SERVO_ON,A1_HOLDING_SERVO_ON_R03_20260611_125501,delta-asda-b3-e,1616,VE|SOD|TR,1,0,-7091,0,0,0.0,-1,-0.002391,299,48,4270,2391,6000,,0,,,,holding,normal,0,no_load,none,"A1: Servo ON, shaft stationary",servo-app/lab-0.1
1781157307.2687309,4.824586391448975,A1_HOLDING_SERVO_ON,A1_HOLDING_SERVO_ON_R03_20260611_125501,delta-asda-b3-e,1616,VE|SOD|TR,1,0,-7097,0,0,0.0,-1,-0.002391,298,48,4270,2391,6000,,0,,,,holding,normal,0,no_load,none,"A1: Servo ON, shaft stationary",servo-app/lab-0.1
1781157307.3692667,4.925122261047363,A1_HOLDING_SERVO_ON,A1_HOLDING_SERVO_ON_R03_20260611_125501,delta-asda-b3-e,1616,VE|SOD|TR,1,0,-7097,0,0,0.0,0,0.0,299,48,4270,2391,6000,,0,,,,holding,normal,0,no_load,none,"A1: Servo ON, shaft stationary",servo-app/lab-0.1
1781157307.4695563,5.02541184425354,A1_HOLDING_SERVO_ON,A1_HOLDING_SERVO_ON_R03_20260611_125501,delta-asda-b3-e,1616,VE|SOD|TR,1,0,-7097,0,0,0.0,-1,-0.002391,298,48,4270,2391,6000,,0,,,,holding,normal,0,no_load,none,"A1: Servo ON, shaft stationary",servo-app/lab-0.1
1781157307.5698733,5.1257288455963135,A1_HOLDING_SERVO_ON,A1_HOLDING_SERVO_ON_R03_20260611_125501,delta-asda-b3-e,1616,VE|SOD|TR,1,0,-7095,0,-1,-0.00427,-1,-0.002391,298,48,4270,2391,6000,,0,,,,holding,normal,0,no_load,none,"A1: Servo ON, shaft stationary",servo-app/lab-0.1
1781157307.6702104,5.2260658740997314,A1_HOLDING_SERVO_ON,A1_HOLDING_SERVO_ON_R03_20260611_125501,delta-asda-b3-e,1616,VE|SOD|TR,1,0,-7085,0,-1,-0.00427,0,0.0,299,48,4270,2391,6000,,0,,,,holding,normal,0,no_load,none,"A1: Servo ON, shaft stationary",servo-app/lab-0.1
1781157307.770344,5.326199531555176,A1_HOLDING_SERVO_ON,A1_HOLDING_SERVO_ON_R03_20260611_125501,delta-asda-b3-e,1616,VE|SOD|TR,1,0,-7101,0,0,0.0,-1,-0.002391,299,48,4270,2391,6000,,0,,,,holding,normal,0,no_load,none,"A1: Servo ON, shaft stationary",servo-app/lab-0.1
1781157307.8706799,5.426535367965698,A1_HOLDING_SERVO_ON,A1_HOLDING_SERVO_ON_R03_20260611_125501,delta-asda-b3-e,1616,VE|SOD|TR,1,0,-7097,0,-1,-0.00427,0,0.0,299,48,4270,2391,6000,,0,,,,holding,normal,0,no_load,none,"A1: Servo ON, shaft stationary",servo-app/lab-0.1
1781157307.9712226,5.527078151702881,A1_HOLDING_SERVO_ON,A1_HOLDING_SERVO_ON_R03_20260611_125501,delta-asda-b3-e,1616,VE|SOD|TR,1,0,-7087,0,0,0.0,0,0.0,299,47,4270,2391,6000,,0,,,,holding,normal,0,no_load,none,"A1: Servo ON, shaft stationary",servo-app/lab-0.1
1781157308.0716467,5.627502202987671,A1_HOLDING_SERVO_ON,A1_HOLDING_SERVO_ON_R03_20260611_125501,delta-asda-b3-e,1616,VE|SOD|TR,1,0,-7101,0,-1,-0.00427,-1,-0.002391,299,48,4270,2391,6000,,0,,,,holding,normal,0,no_load,none,"A1: Servo ON, shaft stationary",servo-app/lab-0.1
1781157308.1720767,5.7279322147369385,A1_HOLDING_SERVO_ON,A1_HOLDING_SERVO_ON_R03_20260611_125501,delta-asda-b3-e,1616,VE|SOD|TR,1,0,-7097,0,-1,-0.00427,0,0.0,299,48,4270,2391,6000,,0,,,,holding,normal,0,no_load,none,"A1: Servo ON, shaft stationary",servo-app/lab-0.1
1781157308.2725189,5.82837438583374,A1_HOLDING_SERVO_ON,A1_HOLDING_SERVO_ON_R03_20260611_125501,delta-asda-b3-e,1616,VE|SOD|TR,1,0,-7091,0,-1,-0.00427,-1,-0.002391,299,48,4270,2391,6000,,0,,,,holding,normal,0,no_load,none,"A1: Servo ON, shaft stationary",servo-app/lab-0.1
1781157308.3729372,5.928792715072632,A1_HOLDING_SERVO_ON,A1_HOLDING_SERVO_ON_R03_20260611_125501,delta-asda-b3-e,1616,VE|SOD|TR,1,0,-7097,0,-1,-0.00427,0,0.0,299,47,4270,2391,6000,,0,,,,holding,normal,0,no_load,none,"A1: Servo ON, shaft stationary",servo-app/lab-0.1
1781157308.4734771,6.029332637786865,A1_HOLDING_SERVO_ON,A1_HOLDING_SERVO_ON_R03_20260611_125501,delta-asda-b3-e,1616,VE|SOD|TR,1,0,-7091,0,-1,-0.00427,0,0.0,299,48,4270,2391,6000,,0,,,,holding,normal,0,no_load,none,"A1: Servo ON, shaft stationary",servo-app/lab-0.1
1781157308.5740542,6.1299097537994385,A1_HOLDING_SERVO_ON,A1_HOLDING_SERVO_ON_R03_20260611_125501,delta-asda-b3-e,1616,VE|SOD|TR,1,0,-7101,0,0,0.0,0,0.0,299,48,4270,2391,6000,,0,,,,holding,normal,0,no_load,none,"A1: Servo ON, shaft stationary",servo-app/lab-0.1
1781157308.6744823,6.230337858200073,A1_HOLDING_SERVO_ON,A1_HOLDING_SERVO_ON_R03_20260611_125501,delta-asda-b3-e,1616,VE|SOD|TR,1,0,-7101,0,0,0.0,0,0.0,299,48,4270,2391,6000,,0,,,,holding,normal,0,no_load,none,"A1: Servo ON, shaft stationary",servo-app/lab-0.1
1781157308.7749135,6.330769062042236,A1_HOLDING_SERVO_ON,A1_HOLDING_SERVO_ON_R03_20260611_125501,delta-asda-b3-e,1616,VE|SOD|TR,1,0,-7097,0,0,0.0,0,0.0,299,48,4270,2391,6000,,0,,,,holding,normal,0,no_load,none,"A1: Servo ON, shaft stationary",servo-app/lab-0.1
1781157308.8753707,6.4312262535095215,A1_HOLDING_SERVO_ON,A1_HOLDING_SERVO_ON_R03_20260611_125501,delta-asda-b3-e,1616,VE|SOD|TR,1,0,-7101,0,-1,-0.00427,0,0.0,299,47,4270,2391,6000,,0,,,,holding,normal,0,no_load,none,"A1: Servo ON, shaft stationary",servo-app/lab-0.1
1781157308.9758492,6.531704664230347,A1_HOLDING_SERVO_ON,A1_HOLDING_SERVO_ON_R03_20260611_125501,delta-asda-b3-e,1616,VE|SOD|TR,1,0,-7101,0,0,0.0,0,0.0,298,48,4270,2391,6000,,0,,,,holding,normal,0,no_load,none,"A1: Servo ON, shaft stationary",servo-app/lab-0.1
1781157309.0760117,6.631867170333862,A1_HOLDING_SERVO_ON,A1_HOLDING_SERVO_ON_R03_20260611_125501,delta-asda-b3-e,1616,VE|SOD|TR,1,0,-7091,0,0,0.0,0,0.0,298,48,4270,2391,6000,,0,,,,holding,normal,0,no_load,none,"A1: Servo ON, shaft stationary",servo-app/lab-0.1
1781157309.1764219,6.7322773933410645,A1_HOLDING_SERVO_ON,A1_HOLDING_SERVO_ON_R03_20260611_125501,delta-asda-b3-e,1616,VE|SOD|TR,1,0,-7095,0,-1,-0.00427,0,0.0,298,48,4270,2391,6000,,0,,,,holding,normal,0,no_load,none,"A1: Servo ON, shaft stationary",servo-app/lab-0.1
1781157309.2770858,6.832941293716431,A1_HOLDING_SERVO_ON,A1_HOLDING_SERVO_ON_R03_20260611_125501,delta-asda-b3-e,1616,VE|SOD|TR,1,0,-7101,0,0,0.0,0,0.0,299,48,4270,2391,6000,,0,,,,holding,normal,0,no_load,none,"A1: Servo ON, shaft stationary",servo-app/lab-0.1
1781157309.3772879,6.933143377304077,A1_HOLDING_SERVO_ON,A1_HOLDING_SERVO_ON_R03_20260611_125501,delta-asda-b3-e,1616,VE|SOD|TR,1,0,-7097,0,-1,-0.00427,-1,-0.002391,299,48,4270,2391,6000,,0,,,,holding,normal,0,no_load,none,"A1: Servo ON, shaft stationary",servo-app/lab-0.1
1781157309.4778516,7.033707141876221,A1_HOLDING_SERVO_ON,A1_HOLDING_SERVO_ON_R03_20260611_125501,delta-asda-b3-e,1616,VE|SOD|TR,1,0,-7101,0,-1,-0.00427,-1,-0.002391,299,48,4270,2391,6000,,0,,,,holding,normal,0,no_load,none,"A1: Servo ON, shaft stationary",servo-app/lab-0.1
1781157309.5783126,7.1341681480407715,A1_HOLDING_SERVO_ON,A1_HOLDING_SERVO_ON_R03_20260611_125501,delta-asda-b3-e,1616,VE|SOD|TR,1,0,-7097,0,0,0.0,0,0.0,299,48,4270,2391,6000,,0,,,,holding,normal,0,no_load,none,"A1: Servo ON, shaft stationary",servo-app/lab-0.1
1781157309.6785927,7.234448194503784,A1_HOLDING_SERVO_ON,A1_HOLDING_SERVO_ON_R03_20260611_125501,delta-asda-b3-e,1616,VE|SOD|TR,1,0,-7101,0,-1,-0.00427,-1,-0.002391,298,48,4270,2391,6000,,0,,,,holding,normal,0,no_load,none,"A1: Servo ON, shaft stationary",servo-app/lab-0.1
1781157309.7791243,7.334979772567749,A1_HOLDING_SERVO_ON,A1_HOLDING_SERVO_ON_R03_20260611_125501,delta-asda-b3-e,1616,VE|SOD|TR,1,0,-7097,0,-1,-0.00427,0,0.0,299,48,4270,2391,6000,,0,,,,holding,normal,0,no_load,none,"A1: Servo ON, shaft stationary",servo-app/lab-0.1
1781157309.879269,7.435124397277832,A1_HOLDING_SERVO_ON,A1_HOLDING_SERVO_ON_R03_20260611_125501,delta-asda-b3-e,1616,VE|SOD|TR,1,0,-7101,0,0,0.0,-1,-0.002391,299,48,4270,2391,6000,,0,,,,holding,normal,0,no_load,none,"A1: Servo ON, shaft stationary",servo-app/lab-0.1
1781157309.9798346,7.535690069198608,A1_HOLDING_SERVO_ON,A1_HOLDING_SERVO_ON_R03_20260611_125501,delta-asda-b3-e,1616,VE|SOD|TR,1,0,-7101,0,0,0.0,-1,-0.002391,299,48,4270,2391,6000,,0,,,,holding,normal,0,no_load,none,"A1: Servo ON, shaft stationary",servo-app/lab-0.1
1781157310.0802405,7.636096000671387,A1_HOLDING_SERVO_ON,A1_HOLDING_SERVO_ON_R03_20260611_125501,delta-asda-b3-e,1616,VE|SOD|TR,1,0,-7081,0,0,0.0,0,0.0,299,48,4270,2391,6000,,0,,,,holding,normal,0,no_load,none,"A1: Servo ON, shaft stationary",servo-app/lab-0.1
1781157310.1806393,7.736494779586792,A1_HOLDING_SERVO_ON,A1_HOLDING_SERVO_ON_R03_20260611_125501,delta-asda-b3-e,1616,VE|SOD|TR,1,0,-7101,0,-1,-0.00427,-1,-0.002391,299,48,4270,2391,6000,,0,,,,holding,normal,0,no_load,none,"A1: Servo ON, shaft stationary",servo-app/lab-0.1
1781157310.2807262,7.836581707000732,A1_HOLDING_SERVO_ON,A1_HOLDING_SERVO_ON_R03_20260611_125501,delta-asda-b3-e,1616,VE|SOD|TR,1,0,-7101,0,0,0.0,0,0.0,298,48,4270,2391,6000,,0,,,,holding,normal,0,no_load,none,"A1: Servo ON, shaft stationary",servo-app/lab-0.1
1781157310.3810651,7.936920642852783,A1_HOLDING_SERVO_ON,A1_HOLDING_SERVO_ON_R03_20260611_125501,delta-asda-b3-e,1616,VE|SOD|TR,1,0,-7095,0,0,0.0,-1,-0.002391,299,48,4270,2391,6000,,0,,,,holding,normal,0,no_load,none,"A1: Servo ON, shaft stationary",servo-app/lab-0.1
1781157310.4813132,8.037168741226196,A1_HOLDING_SERVO_ON,A1_HOLDING_SERVO_ON_R03_20260611_125501,delta-asda-b3-e,1616,VE|SOD|TR,1,0,-7087,0,0,0.0,-1,-0.002391,299,48,4270,2391,6000,,0,,,,holding,normal,0,no_load,none,"A1: Servo ON, shaft stationary",servo-app/lab-0.1
1781157310.5815916,8.137447118759155,A1_HOLDING_SERVO_ON,A1_HOLDING_SERVO_ON_R03_20260611_125501,delta-asda-b3-e,1616,VE|SOD|TR,1,0,-7091,0,0,0.0,-1,-0.002391,299,48,4270,2391,6000,,0,,,,holding,normal,0,no_load,none,"A1: Servo ON, shaft stationary",servo-app/lab-0.1
1781157310.6816938,8.237549304962158,A1_HOLDING_SERVO_ON,A1_HOLDING_SERVO_ON_R03_20260611_125501,delta-asda-b3-e,1616,VE|SOD|TR,1,0,-7095,0,0,0.0,-1,-0.002391,298,48,4270,2391,6000,,0,,,,holding,normal,0,no_load,none,"A1: Servo ON, shaft stationary",servo-app/lab-0.1
1781157310.782201,8.338056564331055,A1_HOLDING_SERVO_ON,A1_HOLDING_SERVO_ON_R03_20260611_125501,delta-asda-b3-e,1616,VE|SOD|TR,1,0,-7091,0,-1,-0.00427,-1,-0.002391,299,48,4270,2391,6000,,0,,,,holding,normal,0,no_load,none,"A1: Servo ON, shaft stationary",servo-app/lab-0.1
1781157310.882472,8.438327550888062,A1_HOLDING_SERVO_ON,A1_HOLDING_SERVO_ON_R03_20260611_125501,delta-asda-b3-e,1616,VE|SOD|TR,1,0,-7101,0,-1,-0.00427,0,0.0,299,48,4270,2391,6000,,0,,,,holding,normal,0,no_load,none,"A1: Servo ON, shaft stationary",servo-app/lab-0.1
1781157310.983032,8.53888750076294,A1_HOLDING_SERVO_ON,A1_HOLDING_SERVO_ON_R03_20260611_125501,delta-asda-b3-e,1616,VE|SOD|TR,1,0,-7101,0,0,0.0,-1,-0.002391,298,48,4270,2391,6000,,0,,,,holding,normal,0,no_load,none,"A1: Servo ON, shaft stationary",servo-app/lab-0.1
1781157311.0834496,8.639305114746094,A1_HOLDING_SERVO_ON,A1_HOLDING_SERVO_ON_R03_20260611_125501,delta-asda-b3-e,1616,VE|SOD|TR,1,0,-7097,0,-1,-0.00427,0,0.0,299,48,4270,2391,6000,,0,,,,holding,normal,0,no_load,none,"A1: Servo ON, shaft stationary",servo-app/lab-0.1
1781157311.1835442,8.739399671554565,A1_HOLDING_SERVO_ON,A1_HOLDING_SERVO_ON_R03_20260611_125501,delta-asda-b3-e,1616,VE|SOD|TR,1,0,-7101,0,-1,-0.00427,-1,-0.002391,299,48,4270,2391,6000,,0,,,,holding,normal,0,no_load,none,"A1: Servo ON, shaft stationary",servo-app/lab-0.1
1781157311.2839785,8.839833974838257,A1_HOLDING_SERVO_ON,A1_HOLDING_SERVO_ON_R03_20260611_125501,delta-asda-b3-e,1616,VE|SOD|TR,1,0,-7101,0,0,0.0,-1,-0.002391,299,48,4270,2391,6000,,0,,,,holding,normal,0,no_load,none,"A1: Servo ON, shaft stationary",servo-app/lab-0.1
1781157311.3840742,8.939929723739624,A1_HOLDING_SERVO_ON,A1_HOLDING_SERVO_ON_R03_20260611_125501,delta-asda-b3-e,1616,VE|SOD|TR,1,0,-7091,0,0,0.0,0,0.0,299,48,4270,2391,6000,,0,,,,holding,normal,0,no_load,none,"A1: Servo ON, shaft stationary",servo-app/lab-0.1
1781157311.4842563,9.040111780166626,A1_HOLDING_SERVO_ON,A1_HOLDING_SERVO_ON_R03_20260611_125501,delta-asda-b3-e,1616,VE|SOD|TR,1,0,-7091,0,0,0.0,0,0.0,299,48,4270,2391,6000,,0,,,,holding,normal,0,no_load,none,"A1: Servo ON, shaft stationary",servo-app/lab-0.1
1781157311.5848,9.140655517578125,A1_HOLDING_SERVO_ON,A1_HOLDING_SERVO_ON_R03_20260611_125501,delta-asda-b3-e,1616,VE|SOD|TR,1,0,-7101,0,-1,-0.00427,-1,-0.002391,299,48,4270,2391,6000,,0,,,,holding,normal,0,no_load,none,"A1: Servo ON, shaft stationary",servo-app/lab-0.1
1781157311.6851306,9.240986108779907,A1_HOLDING_SERVO_ON,A1_HOLDING_SERVO_ON_R03_20260611_125501,delta-asda-b3-e,1616,VE|SOD|TR,1,0,-7091,0,-1,-0.00427,-1,-0.002391,299,48,4270,2391,6000,,0,,,,holding,normal,0,no_load,none,"A1: Servo ON, shaft stationary",servo-app/lab-0.1
1781157311.7852125,9.341068029403687,A1_HOLDING_SERVO_ON,A1_HOLDING_SERVO_ON_R03_20260611_125501,delta-asda-b3-e,1616,VE|SOD|TR,1,0,-7097,0,-1,-0.00427,0,0.0,299,48,4270,2391,6000,,0,,,,holding,normal,0,no_load,none,"A1: Servo ON, shaft stationary",servo-app/lab-0.1
1781157311.8854425,9.441298007965088,A1_HOLDING_SERVO_ON,A1_HOLDING_SERVO_ON_R03_20260611_125501,delta-asda-b3-e,1616,VE|SOD|TR,1,0,-7095,0,0,0.0,-1,-0.002391,299,48,4270,2391,6000,,0,,,,holding,normal,0,no_load,none,"A1: Servo ON, shaft stationary",servo-app/lab-0.1
1781157311.9854832,9.541338682174683,A1_HOLDING_SERVO_ON,A1_HOLDING_SERVO_ON_R03_20260611_125501,delta-asda-b3-e,1616,VE|SOD|TR,1,0,-7097,0,0,0.0,-1,-0.002391,299,48,4270,2391,6000,,0,,,,holding,normal,0,no_load,none,"A1: Servo ON, shaft stationary",servo-app/lab-0.1
1781157312.0856562,9.641511678695679,A1_HOLDING_SERVO_ON,A1_HOLDING_SERVO_ON_R03_20260611_125501,delta-asda-b3-e,1616,VE|SOD|TR,1,0,-7095,0,0,0.0,0,0.0,299,48,4270,2391,6000,,0,,,,holding,normal,0,no_load,none,"A1: Servo ON, shaft stationary",servo-app/lab-0.1
1781157312.1863992,9.742254734039307,A1_HOLDING_SERVO_ON,A1_HOLDING_SERVO_ON_R03_20260611_125501,delta-asda-b3-e,1616,VE|SOD|TR,1,0,-7095,0,-1,-0.00427,-1,-0.002391,299,48,4270,2391,6000,,0,,,,holding,normal,0,no_load,none,"A1: Servo ON, shaft stationary",servo-app/lab-0.1
1781157312.2870343,9.842889785766602,A1_HOLDING_SERVO_ON,A1_HOLDING_SERVO_ON_R03_20260611_125501,delta-asda-b3-e,1616,VE|SOD|TR,1,0,-7097,0,-1,-0.00427,0,0.0,299,49,4270,2391,6000,,0,,,,holding,normal,0,no_load,none,"A1: Servo ON, shaft stationary",servo-app/lab-0.1
1781157312.3873332,9.943188667297363,A1_HOLDING_SERVO_ON,A1_HOLDING_SERVO_ON_R03_20260611_125501,delta-asda-b3-e,1616,VE|SOD|TR,1,0,-7097,0,-1,-0.00427,0,0.0,299,48,4270,2391,6000,,0,,,,holding,normal,0,no_load,none,"A1: Servo ON, shaft stationary",servo-app/lab-0.1
1781157312.487787,10.043642520904541,A1_HOLDING_SERVO_ON,A1_HOLDING_SERVO_ON_R03_20260611_125501,delta-asda-b3-e,1616,VE|SOD|TR,1,0,-7101,0,0,0.0,-1,-0.002391,299,48,4270,2391,6000,,0,,,,holding,normal,0,no_load,none,"A1: Servo ON, shaft stationary",servo-app/lab-0.1
1781157312.588328,10.14418339729309,A1_HOLDING_SERVO_ON,A1_HOLDING_SERVO_ON_R03_20260611_125501,delta-asda-b3-e,1616,VE|SOD|TR,1,0,-7101,0,-1,-0.00427,-1,-0.002391,299,48,4270,2391,6000,,0,,,,holding,normal,0,no_load,none,"A1: Servo ON, shaft stationary",servo-app/lab-0.1
1781157312.6884289,10.244284391403198,A1_HOLDING_SERVO_ON,A1_HOLDING_SERVO_ON_R03_20260611_125501,delta-asda-b3-e,1616,VE|SOD|TR,1,0,-7095,0,-1,-0.00427,0,0.0,299,48,4270,2391,6000,,0,,,,holding,normal,0,no_load,none,"A1: Servo ON, shaft stationary",servo-app/lab-0.1
1781157312.789179,10.3450345993042,A1_HOLDING_SERVO_ON,A1_HOLDING_SERVO_ON_R03_20260611_125501,delta-asda-b3-e,1616,VE|SOD|TR,1,0,-7101,0,-1,-0.00427,-1,-0.002391,299,48,4270,2391,6000,,0,,,,holding,normal,0,no_load,none,"A1: Servo ON, shaft stationary",servo-app/lab-0.1
1781157312.8894315,10.445286989212036,A1_HOLDING_SERVO_ON,A1_HOLDING_SERVO_ON_R03_20260611_125501,delta-asda-b3-e,1616,VE|SOD|TR,1,0,-7097,0,0,0.0,0,0.0,299,48,4270,2391,6000,,0,,,,holding,normal,0,no_load,none,"A1: Servo ON, shaft stationary",servo-app/lab-0.1
1781157312.9914336,10.5472891330719,A1_HOLDING_SERVO_ON,A1_HOLDING_SERVO_ON_R03_20260611_125501,delta-asda-b3-e,1616,VE|SOD|TR,1,0,-7091,0,-1,-0.00427,0,0.0,299,49,4270,2391,6000,,0,,,,holding,normal,0,no_load,none,"A1: Servo ON, shaft stationary",servo-app/lab-0.1
1781157313.0917737,10.647629261016846,A1_HOLDING_SERVO_ON,A1_HOLDING_SERVO_ON_R03_20260611_125501,delta-asda-b3-e,1616,VE|SOD|TR,1,0,-7091,0,0,0.0,-1,-0.002391,299,48,4270,2391,6000,,0,,,,holding,normal,0,no_load,none,"A1: Servo ON, shaft stationary",servo-app/lab-0.1
1781157313.1919127,10.74776816368103,A1_HOLDING_SERVO_ON,A1_HOLDING_SERVO_ON_R03_20260611_125501,delta-asda-b3-e,1616,VE|SOD|TR,1,0,-7097,0,0,0.0,0,0.0,299,48,4270,2391,6000,,0,,,,holding,normal,0,no_load,none,"A1: Servo ON, shaft stationary",servo-app/lab-0.1
1781157313.292245,10.848100423812866,A1_HOLDING_SERVO_ON,A1_HOLDING_SERVO_ON_R03_20260611_125501,delta-asda-b3-e,1616,VE|SOD|TR,1,0,-7095,0,-1,-0.00427,0,0.0,299,48,4270,2391,6000,,0,,,,holding,normal,0,no_load,none,"A1: Servo ON, shaft stationary",servo-app/lab-0.1
1781157313.3923862,10.948241710662842,A1_HOLDING_SERVO_ON,A1_HOLDING_SERVO_ON_R03_20260611_125501,delta-asda-b3-e,1616,VE|SOD|TR,1,0,-7097,0,0,0.0,0,0.0,299,48,4270,2391,6000,,0,,,,holding,normal,0,no_load,none,"A1: Servo ON, shaft stationary",servo-app/lab-0.1
1781157313.4928384,11.048693895339966,A1_HOLDING_SERVO_ON,A1_HOLDING_SERVO_ON_R03_20260611_125501,delta-asda-b3-e,1616,VE|SOD|TR,1,0,-7091,0,-1,-0.00427,-1,-0.002391,299,48,4270,2391,6000,,0,,,,holding,normal,0,no_load,none,"A1: Servo ON, shaft stationary",servo-app/lab-0.1
1781157313.5929794,11.148834943771362,A1_HOLDING_SERVO_ON,A1_HOLDING_SERVO_ON_R03_20260611_125501,delta-asda-b3-e,1616,VE|SOD|TR,1,0,-7095,0,0,0.0,0,0.0,299,48,4270,2391,6000,,0,,,,holding,normal,0,no_load,none,"A1: Servo ON, shaft stationary",servo-app/lab-0.1
1781157313.693096,11.248951435089111,A1_HOLDING_SERVO_ON,A1_HOLDING_SERVO_ON_R03_20260611_125501,delta-asda-b3-e,1616,VE|SOD|TR,1,0,-7101,0,0,0.0,-1,-0.002391,299,48,4270,2391,6000,,0,,,,holding,normal,0,no_load,none,"A1: Servo ON, shaft stationary",servo-app/lab-0.1
1781157313.7937124,11.349567890167236,A1_HOLDING_SERVO_ON,A1_HOLDING_SERVO_ON_R03_20260611_125501,delta-asda-b3-e,1616,VE|SOD|TR,1,0,-7091,0,0,0.0,0,0.0,300,49,4270,2391,6000,,0,,,,holding,normal,0,no_load,none,"A1: Servo ON, shaft stationary",servo-app/lab-0.1
1781157313.8940227,11.449878215789795,A1_HOLDING_SERVO_ON,A1_HOLDING_SERVO_ON_R03_20260611_125501,delta-asda-b3-e,1616,VE|SOD|TR,1,0,-7095,0,0,0.0,0,0.0,299,48,4270,2391,6000,,0,,,,holding,normal,0,no_load,none,"A1: Servo ON, shaft stationary",servo-app/lab-0.1
1781157313.994676,11.55053162574768,A1_HOLDING_SERVO_ON,A1_HOLDING_SERVO_ON_R03_20260611_125501,delta-asda-b3-e,1616,VE|SOD|TR,1,0,-7087,0,-1,-0.00427,0,0.0,299,48,4270,2391,6000,,0,,,,holding,normal,0,no_load,none,"A1: Servo ON, shaft stationary",servo-app/lab-0.1
1781157314.0950372,11.650892734527588,A1_HOLDING_SERVO_ON,A1_HOLDING_SERVO_ON_R03_20260611_125501,delta-asda-b3-e,1616,VE|SOD|TR,1,0,-7095,0,-1,-0.00427,-1,-0.002391,299,49,4270,2391,6000,,0,,,,holding,normal,0,no_load,none,"A1: Servo ON, shaft stationary",servo-app/lab-0.1
1781157314.1954536,11.751309156417847,A1_HOLDING_SERVO_ON,A1_HOLDING_SERVO_ON_R03_20260611_125501,delta-asda-b3-e,1616,VE|SOD|TR,1,0,-7097,0,-1,-0.00427,0,0.0,299,48,4270,2391,6000,,0,,,,holding,normal,0,no_load,none,"A1: Servo ON, shaft stationary",servo-app/lab-0.1
1781157314.2959952,11.851850748062134,A1_HOLDING_SERVO_ON,A1_HOLDING_SERVO_ON_R03_20260611_125501,delta-asda-b3-e,1616,VE|SOD|TR,1,0,-7097,0,0,0.0,-1,-0.002391,299,48,4270,2391,6000,,0,,,,holding,normal,0,no_load,none,"A1: Servo ON, shaft stationary",servo-app/lab-0.1
1781157314.3960278,11.951883316040039,A1_HOLDING_SERVO_ON,A1_HOLDING_SERVO_ON_R03_20260611_125501,delta-asda-b3-e,1616,VE|SOD|TR,1,0,-7097,0,-1,-0.00427,0,0.0,299,49,4270,2391,6000,,0,,,,holding,normal,0,no_load,none,"A1: Servo ON, shaft stationary",servo-app/lab-0.1
1781157314.4965324,12.052387952804565,A1_HOLDING_SERVO_ON,A1_HOLDING_SERVO_ON_R03_20260611_125501,delta-asda-b3-e,1616,VE|SOD|TR,1,0,-7101,0,-1,-0.00427,0,0.0,299,49,4270,2391,6000,,0,,,,holding,normal,0,no_load,none,"A1: Servo ON, shaft stationary",servo-app/lab-0.1
1781157314.5970418,12.152897357940674,A1_HOLDING_SERVO_ON,A1_HOLDING_SERVO_ON_R03_20260611_125501,delta-asda-b3-e,1616,VE|SOD|TR,1,0,-7091,0,0,0.0,0,0.0,299,48,4270,2391,6000,,0,,,,holding,normal,0,no_load,none,"A1: Servo ON, shaft stationary",servo-app/lab-0.1
1781157314.6975093,12.25336480140686,A1_HOLDING_SERVO_ON,A1_HOLDING_SERVO_ON_R03_20260611_125501,delta-asda-b3-e,1616,VE|SOD|TR,1,0,-7095,0,0,0.0,0,0.0,299,48,4270,2391,6000,,0,,,,holding,normal,0,no_load,none,"A1: Servo ON, shaft stationary",servo-app/lab-0.1
1781157314.7980213,12.353876829147339,A1_HOLDING_SERVO_ON,A1_HOLDING_SERVO_ON_R03_20260611_125501,delta-asda-b3-e,1616,VE|SOD|TR,1,0,-7101,0,0,0.0,-1,-0.002391,299,49,4270,2391,6000,,0,,,,holding,normal,0,no_load,none,"A1: Servo ON, shaft stationary",servo-app/lab-0.1
1781157314.8989768,12.454832315444946,A1_HOLDING_SERVO_ON,A1_HOLDING_SERVO_ON_R03_20260611_125501,delta-asda-b3-e,1616,VE|SOD|TR,1,0,-7095,0,0,0.0,0,0.0,299,49,4270,2391,6000,,0,,,,holding,normal,0,no_load,none,"A1: Servo ON, shaft stationary",servo-app/lab-0.1
1781157314.9992714,12.555126905441284,A1_HOLDING_SERVO_ON,A1_HOLDING_SERVO_ON_R03_20260611_125501,delta-asda-b3-e,1616,VE|SOD|TR,1,0,-7097,0,0,0.0,0,0.0,299,48,4270,2391,6000,,0,,,,holding,normal,0,no_load,none,"A1: Servo ON, shaft stationary",servo-app/lab-0.1
1781157315.0998242,12.655679702758789,A1_HOLDING_SERVO_ON,A1_HOLDING_SERVO_ON_R03_20260611_125501,delta-asda-b3-e,1616,VE|SOD|TR,1,0,-7101,0,0,0.0,-1,-0.002391,299,49,4270,2391,6000,,0,,,,holding,normal,0,no_load,none,"A1: Servo ON, shaft stationary",servo-app/lab-0.1
1781157315.200279,12.756134510040283,A1_HOLDING_SERVO_ON,A1_HOLDING_SERVO_ON_R03_20260611_125501,delta-asda-b3-e,1616,VE|SOD|TR,1,0,-7101,0,0,0.0,0,0.0,299,48,4270,2391,6000,,0,,,,holding,normal,0,no_load,none,"A1: Servo ON, shaft stationary",servo-app/lab-0.1
1781157315.3004386,12.85629415512085,A1_HOLDING_SERVO_ON,A1_HOLDING_SERVO_ON_R03_20260611_125501,delta-asda-b3-e,1616,VE|SOD|TR,1,0,-7101,0,-1,-0.00427,0,0.0,299,49,4270,2391,6000,,0,,,,holding,normal,0,no_load,none,"A1: Servo ON, shaft stationary",servo-app/lab-0.1
1781157315.400913,12.95676851272583,A1_HOLDING_SERVO_ON,A1_HOLDING_SERVO_ON_R03_20260611_125501,delta-asda-b3-e,1616,VE|SOD|TR,1,0,-7097,0,0,0.0,0,0.0,299,49,4270,2391,6000,,0,,,,holding,normal,0,no_load,none,"A1: Servo ON, shaft stationary",servo-app/lab-0.1
1781157315.5013757,13.057231187820435,A1_HOLDING_SERVO_ON,A1_HOLDING_SERVO_ON_R03_20260611_125501,delta-asda-b3-e,1616,VE|SOD|TR,1,0,-7095,0,0,0.0,0,0.0,299,49,4270,2391,6000,,0,,,,holding,normal,0,no_load,none,"A1: Servo ON, shaft stationary",servo-app/lab-0.1
1781157315.601667,13.157522439956665,A1_HOLDING_SERVO_ON,A1_HOLDING_SERVO_ON_R03_20260611_125501,delta-asda-b3-e,1616,VE|SOD|TR,1,0,-7101,0,-1,-0.00427,0,0.0,299,48,4270,2391,6000,,0,,,,holding,normal,0,no_load,none,"A1: Servo ON, shaft stationary",servo-app/lab-0.1
1781157315.7019606,13.257816076278687,A1_HOLDING_SERVO_ON,A1_HOLDING_SERVO_ON_R03_20260611_125501,delta-asda-b3-e,1616,VE|SOD|TR,1,0,-7097,0,0,0.0,0,0.0,299,48,4270,2391,6000,,0,,,,holding,normal,0,no_load,none,"A1: Servo ON, shaft stationary",servo-app/lab-0.1
1781157315.8031096,13.358965158462524,A1_HOLDING_SERVO_ON,A1_HOLDING_SERVO_ON_R03_20260611_125501,delta-asda-b3-e,1616,VE|SOD|TR,1,0,-7091,0,0,0.0,0,0.0,299,49,4270,2391,6000,,0,,,,holding,normal,0,no_load,none,"A1: Servo ON, shaft stationary",servo-app/lab-0.1
1781157315.9032707,13.459126234054565,A1_HOLDING_SERVO_ON,A1_HOLDING_SERVO_ON_R03_20260611_125501,delta-asda-b3-e,1616,VE|SOD|TR,1,0,-7087,0,-1,-0.00427,-1,-0.002391,299,49,4270,2391,6000,,0,,,,holding,normal,0,no_load,none,"A1: Servo ON, shaft stationary",servo-app/lab-0.1
1781157316.003781,13.55963659286499,A1_HOLDING_SERVO_ON,A1_HOLDING_SERVO_ON_R03_20260611_125501,delta-asda-b3-e,1616,VE|SOD|TR,1,0,-7095,0,-1,-0.00427,0,0.0,299,49,4270,2391,6000,,0,,,,holding,normal,0,no_load,none,"A1: Servo ON, shaft stationary",servo-app/lab-0.1
1781157316.1040363,13.659891843795776,A1_HOLDING_SERVO_ON,A1_HOLDING_SERVO_ON_R03_20260611_125501,delta-asda-b3-e,1616,VE|SOD|TR,1,0,-7101,0,-1,-0.00427,-1,-0.002391,299,49,4270,2391,6000,,0,,,,holding,normal,0,no_load,none,"A1: Servo ON, shaft stationary",servo-app/lab-0.1
1781157316.2047744,13.760629892349243,A1_HOLDING_SERVO_ON,A1_HOLDING_SERVO_ON_R03_20260611_125501,delta-asda-b3-e,1616,VE|SOD|TR,1,0,-7097,0,0,0.0,0,0.0,299,48,4270,2391,6000,,0,,,,holding,normal,0,no_load,none,"A1: Servo ON, shaft stationary",servo-app/lab-0.1
1781157316.3050928,13.860948324203491,A1_HOLDING_SERVO_ON,A1_HOLDING_SERVO_ON_R03_20260611_125501,delta-asda-b3-e,1616,VE|SOD|TR,1,0,-7091,0,-1,-0.00427,0,0.0,299,49,4270,2391,6000,,0,,,,holding,normal,0,no_load,none,"A1: Servo ON, shaft stationary",servo-app/lab-0.1
1781157316.405525,13.96138048171997,A1_HOLDING_SERVO_ON,A1_HOLDING_SERVO_ON_R03_20260611_125501,delta-asda-b3-e,1616,VE|SOD|TR,1,0,-7101,0,0,0.0,0,0.0,299,49,4270,2391,6000,,0,,,,holding,normal,0,no_load,none,"A1: Servo ON, shaft stationary",servo-app/lab-0.1
1781157316.5061438,14.061999320983887,A1_HOLDING_SERVO_ON,A1_HOLDING_SERVO_ON_R03_20260611_125501,delta-asda-b3-e,1616,VE|SOD|TR,1,0,-7101,0,0,0.0,0,0.0,299,49,4270,2391,6000,,0,,,,holding,normal,0,no_load,none,"A1: Servo ON, shaft stationary",servo-app/lab-0.1
1781157316.607045,14.162900447845459,A1_HOLDING_SERVO_ON,A1_HOLDING_SERVO_ON_R03_20260611_125501,delta-asda-b3-e,1616,VE|SOD|TR,1,0,-7101,0,0,0.0,-1,-0.002391,299,48,4270,2391,6000,,0,,,,holding,normal,0,no_load,none,"A1: Servo ON, shaft stationary",servo-app/lab-0.1
1781157316.7076488,14.263504266738892,A1_HOLDING_SERVO_ON,A1_HOLDING_SERVO_ON_R03_20260611_125501,delta-asda-b3-e,1616,VE|SOD|TR,1,0,-7095,0,-1,-0.00427,0,0.0,299,48,4270,2391,6000,,0,,,,holding,normal,0,no_load,none,"A1: Servo ON, shaft stationary",servo-app/lab-0.1
1781157316.8081403,14.363995790481567,A1_HOLDING_SERVO_ON,A1_HOLDING_SERVO_ON_R03_20260611_125501,delta-asda-b3-e,1616,VE|SOD|TR,1,0,-7101,0,-1,-0.00427,0,0.0,299,48,4270,2391,6000,,0,,,,holding,normal,0,no_load,none,"A1: Servo ON, shaft stationary",servo-app/lab-0.1
1781157316.9084547,14.46431016921997,A1_HOLDING_SERVO_ON,A1_HOLDING_SERVO_ON_R03_20260611_125501,delta-asda-b3-e,1616,VE|SOD|TR,1,0,-7097,0,0,0.0,0,0.0,299,49,4270,2391,6000,,0,,,,holding,normal,0,no_load,none,"A1: Servo ON, shaft stationary",servo-app/lab-0.1
1781157317.0088913,14.564746856689453,A1_HOLDING_SERVO_ON,A1_HOLDING_SERVO_ON_R03_20260611_125501,delta-asda-b3-e,1616,VE|SOD|TR,1,0,-7091,0,-1,-0.00427,0,0.0,299,49,4270,2391,6000,,0,,,,holding,normal,0,no_load,none,"A1: Servo ON, shaft stationary",servo-app/lab-0.1
1781157317.1096177,14.665473222732544,A1_HOLDING_SERVO_ON,A1_HOLDING_SERVO_ON_R03_20260611_125501,delta-asda-b3-e,1616,VE|SOD|TR,1,0,-7095,0,0,0.0,-1,-0.002391,299,49,4270,2391,6000,,0,,,,holding,normal,0,no_load,none,"A1: Servo ON, shaft stationary",servo-app/lab-0.1
1781157317.2100677,14.765923261642456,A1_HOLDING_SERVO_ON,A1_HOLDING_SERVO_ON_R03_20260611_125501,delta-asda-b3-e,1616,VE|SOD|TR,1,0,-7101,0,-1,-0.00427,-1,-0.002391,299,49,4270,2391,6000,,0,,,,holding,normal,0,no_load,none,"A1: Servo ON, shaft stationary",servo-app/lab-0.1
1781157317.3105483,14.866403818130493,A1_HOLDING_SERVO_ON,A1_HOLDING_SERVO_ON_R03_20260611_125501,delta-asda-b3-e,1616,VE|SOD|TR,1,0,-7087,0,0,0.0,0,0.0,299,49,4270,2391,6000,,0,,,,holding,normal,0,no_load,none,"A1: Servo ON, shaft stationary",servo-app/lab-0.1
1781157317.4109313,14.966786861419678,A1_HOLDING_SERVO_ON,A1_HOLDING_SERVO_ON_R03_20260611_125501,delta-asda-b3-e,1616,VE|SOD|TR,1,0,-7101,0,-1,-0.00427,-1,-0.002391,299,49,4270,2391,6000,,0,,,,holding,normal,0,no_load,none,"A1: Servo ON, shaft stationary",servo-app/lab-0.1
1781157317.5111756,15.067031145095825,A1_HOLDING_SERVO_ON,A1_HOLDING_SERVO_ON_R03_20260611_125501,delta-asda-b3-e,1616,VE|SOD|TR,1,0,-7101,0,0,0.0,-1,-0.002391,299,49,4270,2391,6000,,0,,,,holding,normal,0,no_load,none,"A1: Servo ON, shaft stationary",servo-app/lab-0.1
1781157317.6113734,15.167228937149048,A1_HOLDING_SERVO_ON,A1_HOLDING_SERVO_ON_R03_20260611_125501,delta-asda-b3-e,1616,VE|SOD|TR,1,0,-7097,0,0,0.0,-1,-0.002391,299,49,4270,2391,6000,,0,,,,holding,normal,0,no_load,none,"A1: Servo ON, shaft stationary",servo-app/lab-0.1
1781157317.7116835,15.267539024353027,A1_HOLDING_SERVO_ON,A1_HOLDING_SERVO_ON_R03_20260611_125501,delta-asda-b3-e,1616,VE|SOD|TR,1,0,-7101,0,-1,-0.00427,0,0.0,299,49,4270,2391,6000,,0,,,,holding,normal,0,no_load,none,"A1: Servo ON, shaft stationary",servo-app/lab-0.1
1781157317.8128889,15.368744373321533,A1_HOLDING_SERVO_ON,A1_HOLDING_SERVO_ON_R03_20260611_125501,delta-asda-b3-e,1616,VE|SOD|TR,1,0,-7097,0,0,0.0,0,0.0,300,49,4270,2391,6000,,0,,,,holding,normal,0,no_load,none,"A1: Servo ON, shaft stationary",servo-app/lab-0.1
1781157317.9131806,15.469036102294922,A1_HOLDING_SERVO_ON,A1_HOLDING_SERVO_ON_R03_20260611_125501,delta-asda-b3-e,1616,VE|SOD|TR,1,0,-7101,0,0,0.0,-1,-0.002391,299,49,4270,2391,6000,,0,,,,holding,normal,0,no_load,none,"A1: Servo ON, shaft stationary",servo-app/lab-0.1
1781157318.0137906,15.569646120071411,A1_HOLDING_SERVO_ON,A1_HOLDING_SERVO_ON_R03_20260611_125501,delta-asda-b3-e,1616,VE|SOD|TR,1,0,-7101,0,0,0.0,0,0.0,299,49,4270,2391,6000,,0,,,,holding,normal,0,no_load,none,"A1: Servo ON, shaft stationary",servo-app/lab-0.1
1781157318.1143105,15.670166015625,A1_HOLDING_SERVO_ON,A1_HOLDING_SERVO_ON_R03_20260611_125501,delta-asda-b3-e,1616,VE|SOD|TR,1,0,-7101,0,0,0.0,-1,-0.002391,299,49,4270,2391,6000,,0,,,,holding,normal,0,no_load,none,"A1: Servo ON, shaft stationary",servo-app/lab-0.1
1781157318.214662,15.770517587661743,A1_HOLDING_SERVO_ON,A1_HOLDING_SERVO_ON_R03_20260611_125501,delta-asda-b3-e,1616,VE|SOD|TR,1,0,-7097,0,-1,-0.00427,0,0.0,299,49,4270,2391,6000,,0,,,,holding,normal,0,no_load,none,"A1: Servo ON, shaft stationary",servo-app/lab-0.1
1781157318.3148944,15.870749950408936,A1_HOLDING_SERVO_ON,A1_HOLDING_SERVO_ON_R03_20260611_125501,delta-asda-b3-e,1616,VE|SOD|TR,1,0,-7101,0,0,0.0,-1,-0.002391,299,49,4270,2391,6000,,0,,,,holding,normal,0,no_load,none,"A1: Servo ON, shaft stationary",servo-app/lab-0.1
1781157318.415357,15.97121262550354,A1_HOLDING_SERVO_ON,A1_HOLDING_SERVO_ON_R03_20260611_125501,delta-asda-b3-e,1616,VE|SOD|TR,1,0,-7101,0,-1,-0.00427,0,0.0,299,49,4270,2391,6000,,0,,,,holding,normal,0,no_load,none,"A1: Servo ON, shaft stationary",servo-app/lab-0.1
1781157318.5154274,16.071282863616943,A1_HOLDING_SERVO_ON,A1_HOLDING_SERVO_ON_R03_20260611_125501,delta-asda-b3-e,1616,VE|SOD|TR,1,0,-7101,0,0,0.0,0,0.0,299,49,4270,2391,6000,,0,,,,holding,normal,0,no_load,none,"A1: Servo ON, shaft stationary",servo-app/lab-0.1
1781157318.6158607,16.17171621322632,A1_HOLDING_SERVO_ON,A1_HOLDING_SERVO_ON_R03_20260611_125501,delta-asda-b3-e,1616,VE|SOD|TR,1,0,-7097,0,0,0.0,0,0.0,299,49,4270,2391,6000,,0,,,,holding,normal,0,no_load,none,"A1: Servo ON, shaft stationary",servo-app/lab-0.1
1781157318.716225,16.272080421447754,A1_HOLDING_SERVO_ON,A1_HOLDING_SERVO_ON_R03_20260611_125501,delta-asda-b3-e,1616,VE|SOD|TR,1,0,-7101,0,0,0.0,0,0.0,299,49,4270,2391,6000,,0,,,,holding,normal,0,no_load,none,"A1: Servo ON, shaft stationary",servo-app/lab-0.1
1781157318.8164587,16.37231421470642,A1_HOLDING_SERVO_ON,A1_HOLDING_SERVO_ON_R03_20260611_125501,delta-asda-b3-e,1616,VE|SOD|TR,1,0,-7091,0,0,0.0,-1,-0.002391,300,49,4270,2391,6000,,0,,,,holding,normal,0,no_load,none,"A1: Servo ON, shaft stationary",servo-app/lab-0.1
1781157318.9165814,16.472436904907227,A1_HOLDING_SERVO_ON,A1_HOLDING_SERVO_ON_R03_20260611_125501,delta-asda-b3-e,1616,VE|SOD|TR,1,0,-7097,0,-1,-0.00427,-1,-0.002391,299,49,4270,2391,6000,,0,,,,holding,normal,0,no_load,none,"A1: Servo ON, shaft stationary",servo-app/lab-0.1
1781157319.0167038,16.572559356689453,A1_HOLDING_SERVO_ON,A1_HOLDING_SERVO_ON_R03_20260611_125501,delta-asda-b3-e,1616,VE|SOD|TR,1,0,-7101,0,0,0.0,0,0.0,299,49,4270,2391,6000,,0,,,,holding,normal,0,no_load,none,"A1: Servo ON, shaft stationary",servo-app/lab-0.1
1781157319.1168694,16.672724962234497,A1_HOLDING_SERVO_ON,A1_HOLDING_SERVO_ON_R03_20260611_125501,delta-asda-b3-e,1616,VE|SOD|TR,1,0,-7101,0,-1,-0.00427,-1,-0.002391,299,49,4270,2391,6000,,0,,,,holding,normal,0,no_load,none,"A1: Servo ON, shaft stationary",servo-app/lab-0.1
1781157319.2170577,16.772913217544556,A1_HOLDING_SERVO_ON,A1_HOLDING_SERVO_ON_R03_20260611_125501,delta-asda-b3-e,1616,VE|SOD|TR,1,0,-7097,0,0,0.0,0,0.0,299,49,4270,2391,6000,,0,,,,holding,normal,0,no_load,none,"A1: Servo ON, shaft stationary",servo-app/lab-0.1
1781157319.3173723,16.873227834701538,A1_HOLDING_SERVO_ON,A1_HOLDING_SERVO_ON_R03_20260611_125501,delta-asda-b3-e,1616,VE|SOD|TR,1,0,-7097,0,0,0.0,-1,-0.002391,299,49,4270,2391,6000,,0,,,,holding,normal,0,no_load,none,"A1: Servo ON, shaft stationary",servo-app/lab-0.1
1781157319.417887,16.973742485046387,A1_HOLDING_SERVO_ON,A1_HOLDING_SERVO_ON_R03_20260611_125501,delta-asda-b3-e,1616,VE|SOD|TR,1,0,-7097,0,0,0.0,0,0.0,299,49,4270,2391,6000,,0,,,,holding,normal,0,no_load,none,"A1: Servo ON, shaft stationary",servo-app/lab-0.1
1781157319.518088,17.073943614959717,A1_HOLDING_SERVO_ON,A1_HOLDING_SERVO_ON_R03_20260611_125501,delta-asda-b3-e,1616,VE|SOD|TR,1,0,-7101,0,0,0.0,0,0.0,300,49,4270,2391,6000,,0,,,,holding,normal,0,no_load,none,"A1: Servo ON, shaft stationary",servo-app/lab-0.1
1781157319.6181655,17.174021005630493,A1_HOLDING_SERVO_ON,A1_HOLDING_SERVO_ON_R03_20260611_125501,delta-asda-b3-e,1616,VE|SOD|TR,1,0,-7101,0,0,0.0,0,0.0,299,49,4270,2391,6000,,0,,,,holding,normal,0,no_load,none,"A1: Servo ON, shaft stationary",servo-app/lab-0.1
1781157319.7186127,17.274468183517456,A1_HOLDING_SERVO_ON,A1_HOLDING_SERVO_ON_R03_20260611_125501,delta-asda-b3-e,1616,VE|SOD|TR,1,0,-7101,0,0,0.0,-1,-0.002391,300,49,4270,2391,6000,,0,,,,holding,normal,0,no_load,none,"A1: Servo ON, shaft stationary",servo-app/lab-0.1
1781157319.8189306,17.374786138534546,A1_HOLDING_SERVO_ON,A1_HOLDING_SERVO_ON_R03_20260611_125501,delta-asda-b3-e,1616,VE|SOD|TR,1,0,-7101,0,0,0.0,0,0.0,300,49,4270,2391,6000,,0,,,,holding,normal,0,no_load,none,"A1: Servo ON, shaft stationary",servo-app/lab-0.1
1781157319.9194417,17.475297212600708,A1_HOLDING_SERVO_ON,A1_HOLDING_SERVO_ON_R03_20260611_125501,delta-asda-b3-e,1616,VE|SOD|TR,1,0,-7101,0,0,0.0,0,0.0,299,49,4270,2391,6000,,0,,,,holding,normal,0,no_load,none,"A1: Servo ON, shaft stationary",servo-app/lab-0.1
1781157320.0201414,17.57599687576294,A1_HOLDING_SERVO_ON,A1_HOLDING_SERVO_ON_R03_20260611_125501,delta-asda-b3-e,1616,VE|SOD|TR,1,0,-7101,0,-1,-0.00427,0,0.0,299,49,4270,2391,6000,,0,,,,holding,normal,0,no_load,none,"A1: Servo ON, shaft stationary",servo-app/lab-0.1
1781157320.1204228,17.676278352737427,A1_HOLDING_SERVO_ON,A1_HOLDING_SERVO_ON_R03_20260611_125501,delta-asda-b3-e,1616,VE|SOD|TR,1,0,-7091,0,-1,-0.00427,0,0.0,299,49,4270,2391,6000,,0,,,,holding,normal,0,no_load,none,"A1: Servo ON, shaft stationary",servo-app/lab-0.1
1781157320.2208161,17.776671648025513,A1_HOLDING_SERVO_ON,A1_HOLDING_SERVO_ON_R03_20260611_125501,delta-asda-b3-e,1616,VE|SOD|TR,1,0,-7101,0,0,0.0,0,0.0,299,49,4270,2391,6000,,0,,,,holding,normal,0,no_load,none,"A1: Servo ON, shaft stationary",servo-app/lab-0.1
1781157320.3210692,17.876924753189087,A1_HOLDING_SERVO_ON,A1_HOLDING_SERVO_ON_R03_20260611_125501,delta-asda-b3-e,1616,VE|SOD|TR,1,0,-7097,0,-1,-0.00427,0,0.0,299,49,4270,2391,6000,,0,,,,holding,normal,0,no_load,none,"A1: Servo ON, shaft stationary",servo-app/lab-0.1
1781157320.4215698,17.97742533683777,A1_HOLDING_SERVO_ON,A1_HOLDING_SERVO_ON_R03_20260611_125501,delta-asda-b3-e,1616,VE|SOD|TR,1,0,-7101,0,-1,-0.00427,-1,-0.002391,299,49,4270,2391,6000,,0,,,,holding,normal,0,no_load,none,"A1: Servo ON, shaft stationary",servo-app/lab-0.1
1781157320.521722,18.077577590942383,A1_HOLDING_SERVO_ON,A1_HOLDING_SERVO_ON_R03_20260611_125501,delta-asda-b3-e,1616,VE|SOD|TR,1,0,-7095,0,-1,-0.00427,0,0.0,299,49,4270,2391,6000,,0,,,,holding,normal,0,no_load,none,"A1: Servo ON, shaft stationary",servo-app/lab-0.1
1781157320.622159,18.178014516830444,A1_HOLDING_SERVO_ON,A1_HOLDING_SERVO_ON_R03_20260611_125501,delta-asda-b3-e,1616,VE|SOD|TR,1,0,-7105,0,-1,-0.00427,-1,-0.002391,299,49,4270,2391,6000,,0,,,,holding,normal,0,no_load,none,"A1: Servo ON, shaft stationary",servo-app/lab-0.1
1781157320.7224483,18.278303861618042,A1_HOLDING_SERVO_ON,A1_HOLDING_SERVO_ON_R03_20260611_125501,delta-asda-b3-e,1616,VE|SOD|TR,1,0,-7101,0,0,0.0,0,0.0,299,49,4270,2391,6000,,0,,,,holding,normal,0,no_load,none,"A1: Servo ON, shaft stationary",servo-app/lab-0.1
1781157320.8231125,18.378968000411987,A1_HOLDING_SERVO_ON,A1_HOLDING_SERVO_ON_R03_20260611_125501,delta-asda-b3-e,1616,VE|SOD|TR,1,0,-7101,0,0,0.0,0,0.0,299,49,4270,2391,6000,,0,,,,holding,normal,0,no_load,none,"A1: Servo ON, shaft stationary",servo-app/lab-0.1
1781157320.923271,18.479126453399658,A1_HOLDING_SERVO_ON,A1_HOLDING_SERVO_ON_R03_20260611_125501,delta-asda-b3-e,1616,VE|SOD|TR,1,0,-7095,0,0,0.0,-1,-0.002391,299,49,4270,2391,6000,,0,,,,holding,normal,0,no_load,none,"A1: Servo ON, shaft stationary",servo-app/lab-0.1
1781157321.0235758,18.579431295394897,A1_HOLDING_SERVO_ON,A1_HOLDING_SERVO_ON_R03_20260611_125501,delta-asda-b3-e,1616,VE|SOD|TR,1,0,-7091,0,0,0.0,0,0.0,299,49,4270,2391,6000,,0,,,,holding,normal,0,no_load,none,"A1: Servo ON, shaft stationary",servo-app/lab-0.1
1781157321.1239653,18.679820775985718,A1_HOLDING_SERVO_ON,A1_HOLDING_SERVO_ON_R03_20260611_125501,delta-asda-b3-e,1616,VE|SOD|TR,1,0,-7095,0,0,0.0,-1,-0.002391,299,49,4270,2391,6000,,0,,,,holding,normal,0,no_load,none,"A1: Servo ON, shaft stationary",servo-app/lab-0.1
1781157321.224298,18.780153512954712,A1_HOLDING_SERVO_ON,A1_HOLDING_SERVO_ON_R03_20260611_125501,delta-asda-b3-e,1616,VE|SOD|TR,1,0,-7091,0,-1,-0.00427,0,0.0,299,49,4270,2391,6000,,0,,,,holding,normal,0,no_load,none,"A1: Servo ON, shaft stationary",servo-app/lab-0.1
1781157321.3244905,18.880346059799194,A1_HOLDING_SERVO_ON,A1_HOLDING_SERVO_ON_R03_20260611_125501,delta-asda-b3-e,1616,VE|SOD|TR,1,0,-7101,0,0,0.0,0,0.0,299,49,4270,2391,6000,,0,,,,holding,normal,0,no_load,none,"A1: Servo ON, shaft stationary",servo-app/lab-0.1
1781157321.4247177,18.980573177337646,A1_HOLDING_SERVO_ON,A1_HOLDING_SERVO_ON_R03_20260611_125501,delta-asda-b3-e,1616,VE|SOD|TR,1,0,-7097,0,0,0.0,0,0.0,299,49,4270,2391,6000,,0,,,,holding,normal,0,no_load,none,"A1: Servo ON, shaft stationary",servo-app/lab-0.1
1781157321.5249774,19.080832958221436,A1_HOLDING_SERVO_ON,A1_HOLDING_SERVO_ON_R03_20260611_125501,delta-asda-b3-e,1616,VE|SOD|TR,1,0,-7097,0,0,0.0,0,0.0,299,49,4270,2391,6000,,0,,,,holding,normal,0,no_load,none,"A1: Servo ON, shaft stationary",servo-app/lab-0.1
1781157321.6255465,19.18140196800232,A1_HOLDING_SERVO_ON,A1_HOLDING_SERVO_ON_R03_20260611_125501,delta-asda-b3-e,1616,VE|SOD|TR,1,0,-7101,0,-1,-0.00427,0,0.0,299,49,4270,2391,6000,,0,,,,holding,normal,0,no_load,none,"A1: Servo ON, shaft stationary",servo-app/lab-0.1
1781157321.726215,19.28207039833069,A1_HOLDING_SERVO_ON,A1_HOLDING_SERVO_ON_R03_20260611_125501,delta-asda-b3-e,1616,VE|SOD|TR,1,0,-7101,0,0,0.0,-1,-0.002391,299,49,4270,2391,6000,,0,,,,holding,normal,0,no_load,none,"A1: Servo ON, shaft stationary",servo-app/lab-0.1
1781157321.826453,19.38230848312378,A1_HOLDING_SERVO_ON,A1_HOLDING_SERVO_ON_R03_20260611_125501,delta-asda-b3-e,1616,VE|SOD|TR,1,0,-7101,0,0,0.0,-1,-0.002391,299,49,4270,2391,6000,,0,,,,holding,normal,0,no_load,none,"A1: Servo ON, shaft stationary",servo-app/lab-0.1
1781157321.926973,19.482828617095947,A1_HOLDING_SERVO_ON,A1_HOLDING_SERVO_ON_R03_20260611_125501,delta-asda-b3-e,1616,VE|SOD|TR,1,0,-7101,0,0,0.0,0,0.0,299,49,4270,2391,6000,,0,,,,holding,normal,0,no_load,none,"A1: Servo ON, shaft stationary",servo-app/lab-0.1
1781157322.0274632,19.58331871032715,A1_HOLDING_SERVO_ON,A1_HOLDING_SERVO_ON_R03_20260611_125501,delta-asda-b3-e,1616,VE|SOD|TR,1,0,-7101,0,0,0.0,0,0.0,299,49,4270,2391,6000,,0,,,,holding,normal,0,no_load,none,"A1: Servo ON, shaft stationary",servo-app/lab-0.1
1781157322.1279583,19.68381381034851,A1_HOLDING_SERVO_ON,A1_HOLDING_SERVO_ON_R03_20260611_125501,delta-asda-b3-e,1616,VE|SOD|TR,1,0,-7095,0,-1,-0.00427,0,0.0,299,49,4270,2391,6000,,0,,,,holding,normal,0,no_load,none,"A1: Servo ON, shaft stationary",servo-app/lab-0.1
1781157322.2281885,19.78404402732849,A1_HOLDING_SERVO_ON,A1_HOLDING_SERVO_ON_R03_20260611_125501,delta-asda-b3-e,1616,VE|SOD|TR,1,0,-7085,0,0,0.0,-1,-0.002391,299,49,4270,2391,6000,,0,,,,holding,normal,0,no_load,none,"A1: Servo ON, shaft stationary",servo-app/lab-0.1
1781157322.3284347,19.88429021835327,A1_HOLDING_SERVO_ON,A1_HOLDING_SERVO_ON_R03_20260611_125501,delta-asda-b3-e,1616,VE|SOD|TR,1,0,-7095,0,0,0.0,0,0.0,299,49,4270,2391,6000,,0,,,,holding,normal,0,no_load,none,"A1: Servo ON, shaft stationary",servo-app/lab-0.1
1781157322.4289405,19.984796047210693,A1_HOLDING_SERVO_ON,A1_HOLDING_SERVO_ON_R03_20260611_125501,delta-asda-b3-e,1616,VE|SOD|TR,1,0,-7095,0,0,0.0,0,0.0,299,49,4270,2391,6000,,0,,,,holding,normal,0,no_load,none,"A1: Servo ON, shaft stationary",servo-app/lab-0.1
1781157322.5297594,20.085614919662476,A1_HOLDING_SERVO_ON,A1_HOLDING_SERVO_ON_R03_20260611_125501,delta-asda-b3-e,1616,VE|SOD|TR,1,0,-7101,0,0,0.0,-1,-0.002391,299,49,4270,2391,6000,,0,,,,holding,normal,0,no_load,none,"A1: Servo ON, shaft stationary",servo-app/lab-0.1
1781157322.6299942,20.18584966659546,A1_HOLDING_SERVO_ON,A1_HOLDING_SERVO_ON_R03_20260611_125501,delta-asda-b3-e,1616,VE|SOD|TR,1,0,-7091,0,-1,-0.00427,0,0.0,299,49,4270,2391,6000,,0,,,,holding,normal,0,no_load,none,"A1: Servo ON, shaft stationary",servo-app/lab-0.1
1781157322.7302253,20.286080837249756,A1_HOLDING_SERVO_ON,A1_HOLDING_SERVO_ON_R03_20260611_125501,delta-asda-b3-e,1616,VE|SOD|TR,1,0,-7097,0,0,0.0,0,0.0,299,49,4270,2391,6000,,0,,,,holding,normal,0,no_load,none,"A1: Servo ON, shaft stationary",servo-app/lab-0.1
1781157322.8302944,20.386149883270264,A1_HOLDING_SERVO_ON,A1_HOLDING_SERVO_ON_R03_20260611_125501,delta-asda-b3-e,1616,VE|SOD|TR,1,0,-7101,0,-1,-0.00427,0,0.0,299,49,4270,2391,6000,,0,,,,holding,normal,0,no_load,none,"A1: Servo ON, shaft stationary",servo-app/lab-0.1
1781157322.9304495,20.486304998397827,A1_HOLDING_SERVO_ON,A1_HOLDING_SERVO_ON_R03_20260611_125501,delta-asda-b3-e,1616,VE|SOD|TR,1,0,-7097,0,0,0.0,0,0.0,299,49,4270,2391,6000,,0,,,,holding,normal,0,no_load,none,"A1: Servo ON, shaft stationary",servo-app/lab-0.1
1781157323.030806,20.58666157722473,A1_HOLDING_SERVO_ON,A1_HOLDING_SERVO_ON_R03_20260611_125501,delta-asda-b3-e,1616,VE|SOD|TR,1,0,-7097,0,-1,-0.00427,-1,-0.002391,299,49,4270,2391,6000,,0,,,,holding,normal,0,no_load,none,"A1: Servo ON, shaft stationary",servo-app/lab-0.1
1781157323.1312752,20.68713068962097,A1_HOLDING_SERVO_ON,A1_HOLDING_SERVO_ON_R03_20260611_125501,delta-asda-b3-e,1616,VE|SOD|TR,1,0,-7097,0,0,0.0,0,0.0,299,49,4270,2391,6000,,0,,,,holding,normal,0,no_load,none,"A1: Servo ON, shaft stationary",servo-app/lab-0.1
1781157323.2321613,20.78801679611206,A1_HOLDING_SERVO_ON,A1_HOLDING_SERVO_ON_R03_20260611_125501,delta-asda-b3-e,1616,VE|SOD|TR,1,0,-7101,0,0,0.0,0,0.0,299,49,4270,2391,6000,,0,,,,holding,normal,0,no_load,none,"A1: Servo ON, shaft stationary",servo-app/lab-0.1
1781157323.3323393,20.888194799423218,A1_HOLDING_SERVO_ON,A1_HOLDING_SERVO_ON_R03_20260611_125501,delta-asda-b3-e,1616,VE|SOD|TR,1,0,-7091,0,-1,-0.00427,-1,-0.002391,299,49,4270,2391,6000,,0,,,,holding,normal,0,no_load,none,"A1: Servo ON, shaft stationary",servo-app/lab-0.1
1781157323.4324603,20.98831582069397,A1_HOLDING_SERVO_ON,A1_HOLDING_SERVO_ON_R03_20260611_125501,delta-asda-b3-e,1616,VE|SOD|TR,1,0,-7087,0,-1,-0.00427,-1,-0.002391,299,49,4270,2391,6000,,0,,,,holding,normal,0,no_load,none,"A1: Servo ON, shaft stationary",servo-app/lab-0.1
1781157323.5328074,21.08866286277771,A1_HOLDING_SERVO_ON,A1_HOLDING_SERVO_ON_R03_20260611_125501,delta-asda-b3-e,1616,VE|SOD|TR,1,0,-7097,0,-1,-0.00427,-1,-0.002391,299,49,4270,2391,6000,,0,,,,holding,normal,0,no_load,none,"A1: Servo ON, shaft stationary",servo-app/lab-0.1
1781157323.6330466,21.188902139663696,A1_HOLDING_SERVO_ON,A1_HOLDING_SERVO_ON_R03_20260611_125501,delta-asda-b3-e,1616,VE|SOD|TR,1,0,-7091,0,0,0.0,-1,-0.002391,299,49,4270,2391,6000,,0,,,,holding,normal,0,no_load,none,"A1: Servo ON, shaft stationary",servo-app/lab-0.1
1781157323.7331827,21.28903818130493,A1_HOLDING_SERVO_ON,A1_HOLDING_SERVO_ON_R03_20260611_125501,delta-asda-b3-e,1616,VE|SOD|TR,1,0,-7095,0,0,0.0,-1,-0.002391,299,49,4270,2391,6000,,0,,,,holding,normal,0,no_load,none,"A1: Servo ON, shaft stationary",servo-app/lab-0.1
1781157323.8336074,21.38946294784546,A1_HOLDING_SERVO_ON,A1_HOLDING_SERVO_ON_R03_20260611_125501,delta-asda-b3-e,1616,VE|SOD|TR,1,0,-7095,0,-1,-0.00427,-1,-0.002391,299,49,4270,2391,6000,,0,,,,holding,normal,0,no_load,none,"A1: Servo ON, shaft stationary",servo-app/lab-0.1
1781157323.9337926,21.48964810371399,A1_HOLDING_SERVO_ON,A1_HOLDING_SERVO_ON_R03_20260611_125501,delta-asda-b3-e,1616,VE|SOD|TR,1,0,-7091,0,0,0.0,-1,-0.002391,299,49,4270,2391,6000,,0,,,,holding,normal,0,no_load,none,"A1: Servo ON, shaft stationary",servo-app/lab-0.1
1781157324.0340567,21.589912176132202,A1_HOLDING_SERVO_ON,A1_HOLDING_SERVO_ON_R03_20260611_125501,delta-asda-b3-e,1616,VE|SOD|TR,1,0,-7101,0,0,0.0,0,0.0,299,49,4270,2391,6000,,0,,,,holding,normal,0,no_load,none,"A1: Servo ON, shaft stationary",servo-app/lab-0.1
1781157324.1341763,21.69003176689148,A1_HOLDING_SERVO_ON,A1_HOLDING_SERVO_ON_R03_20260611_125501,delta-asda-b3-e,1616,VE|SOD|TR,1,0,-7101,0,0,0.0,0,0.0,299,49,4270,2391,6000,,0,,,,holding,normal,0,no_load,none,"A1: Servo ON, shaft stationary",servo-app/lab-0.1
1781157324.234641,21.790496587753296,A1_HOLDING_SERVO_ON,A1_HOLDING_SERVO_ON_R03_20260611_125501,delta-asda-b3-e,1616,VE|SOD|TR,1,0,-7101,0,0,0.0,0,0.0,299,49,4270,2391,6000,,0,,,,holding,normal,0,no_load,none,"A1: Servo ON, shaft stationary",servo-app/lab-0.1
1781157324.3354316,21.891287088394165,A1_HOLDING_SERVO_ON,A1_HOLDING_SERVO_ON_R03_20260611_125501,delta-asda-b3-e,1616,VE|SOD|TR,1,0,-7101,0,0,0.0,-1,-0.002391,299,49,4270,2391,6000,,0,,,,holding,normal,0,no_load,none,"A1: Servo ON, shaft stationary",servo-app/lab-0.1
1781157324.435546,21.991401433944702,A1_HOLDING_SERVO_ON,A1_HOLDING_SERVO_ON_R03_20260611_125501,delta-asda-b3-e,1616,VE|SOD|TR,1,0,-7101,0,-1,-0.00427,0,0.0,299,49,4270,2391,6000,,0,,,,holding,normal,0,no_load,none,"A1: Servo ON, shaft stationary",servo-app/lab-0.1
1781157324.5360599,22.091915369033813,A1_HOLDING_SERVO_ON,A1_HOLDING_SERVO_ON_R03_20260611_125501,delta-asda-b3-e,1616,VE|SOD|TR,1,0,-7091,0,0,0.0,-1,-0.002391,299,49,4270,2391,6000,,0,,,,holding,normal,0,no_load,none,"A1: Servo ON, shaft stationary",servo-app/lab-0.1
1781157324.6363468,22.19220232963562,A1_HOLDING_SERVO_ON,A1_HOLDING_SERVO_ON_R03_20260611_125501,delta-asda-b3-e,1616,VE|SOD|TR,1,0,-7085,0,-1,-0.00427,-1,-0.002391,299,49,4270,2391,6000,,0,,,,holding,normal,0,no_load,none,"A1: Servo ON, shaft stationary",servo-app/lab-0.1
1781157324.7366881,22.292543649673462,A1_HOLDING_SERVO_ON,A1_HOLDING_SERVO_ON_R03_20260611_125501,delta-asda-b3-e,1616,VE|SOD|TR,1,0,-7087,0,-1,-0.00427,0,0.0,299,49,4270,2391,6000,,0,,,,holding,normal,0,no_load,none,"A1: Servo ON, shaft stationary",servo-app/lab-0.1
1781157324.837209,22.393064498901367,A1_HOLDING_SERVO_ON,A1_HOLDING_SERVO_ON_R03_20260611_125501,delta-asda-b3-e,1616,VE|SOD|TR,1,0,-7101,0,0,0.0,0,0.0,299,49,4270,2391,6000,,0,,,,holding,normal,0,no_load,none,"A1: Servo ON, shaft stationary",servo-app/lab-0.1
1781157324.9375753,22.493430852890015,A1_HOLDING_SERVO_ON,A1_HOLDING_SERVO_ON_R03_20260611_125501,delta-asda-b3-e,1616,VE|SOD|TR,1,0,-7101,0,-1,-0.00427,-1,-0.002391,299,49,4270,2391,6000,,0,,,,holding,normal,0,no_load,none,"A1: Servo ON, shaft stationary",servo-app/lab-0.1
1781157325.0378702,22.59372568130493,A1_HOLDING_SERVO_ON,A1_HOLDING_SERVO_ON_R03_20260611_125501,delta-asda-b3-e,1616,VE|SOD|TR,1,0,-7097,0,0,0.0,0,0.0,299,49,4270,2391,6000,,0,,,,holding,normal,0,no_load,none,"A1: Servo ON, shaft stationary",servo-app/lab-0.1
1781157325.1381655,22.694020986557007,A1_HOLDING_SERVO_ON,A1_HOLDING_SERVO_ON_R03_20260611_125501,delta-asda-b3-e,1616,VE|SOD|TR,1,0,-7101,0,0,0.0,-1,-0.002391,299,49,4270,2391,6000,,0,,,,holding,normal,0,no_load,none,"A1: Servo ON, shaft stationary",servo-app/lab-0.1
1781157325.2383149,22.794170379638672,A1_HOLDING_SERVO_ON,A1_HOLDING_SERVO_ON_R03_20260611_125501,delta-asda-b3-e,1616,VE|SOD|TR,1,0,-7097,0,-1,-0.00427,-1,-0.002391,299,49,4270,2391,6000,,0,,,,holding,normal,0,no_load,none,"A1: Servo ON, shaft stationary",servo-app/lab-0.1
1781157325.3387804,22.894635915756226,A1_HOLDING_SERVO_ON,A1_HOLDING_SERVO_ON_R03_20260611_125501,delta-asda-b3-e,1616,VE|SOD|TR,1,0,-7097,0,-1,-0.00427,0,0.0,299,49,4270,2391,6000,,0,,,,holding,normal,0,no_load,none,"A1: Servo ON, shaft stationary",servo-app/lab-0.1
1781157325.438882,22.99473762512207,A1_HOLDING_SERVO_ON,A1_HOLDING_SERVO_ON_R03_20260611_125501,delta-asda-b3-e,1616,VE|SOD|TR,1,0,-7101,0,-1,-0.00427,0,0.0,299,49,4270,2391,6000,,0,,,,holding,normal,0,no_load,none,"A1: Servo ON, shaft stationary",servo-app/lab-0.1
1781157325.539754,23.095609426498413,A1_HOLDING_SERVO_ON,A1_HOLDING_SERVO_ON_R03_20260611_125501,delta-asda-b3-e,1616,VE|SOD|TR,1,0,-7091,0,0,0.0,0,0.0,299,49,4270,2391,6000,,0,,,,holding,normal,0,no_load,none,"A1: Servo ON, shaft stationary",servo-app/lab-0.1
1781157325.6402378,23.196093320846558,A1_HOLDING_SERVO_ON,A1_HOLDING_SERVO_ON_R03_20260611_125501,delta-asda-b3-e,1616,VE|SOD|TR,1,0,-7101,0,0,0.0,-1,-0.002391,299,49,4270,2391,6000,,0,,,,holding,normal,0,no_load,none,"A1: Servo ON, shaft stationary",servo-app/lab-0.1
1781157325.740608,23.29646348953247,A1_HOLDING_SERVO_ON,A1_HOLDING_SERVO_ON_R03_20260611_125501,delta-asda-b3-e,1616,VE|SOD|TR,1,0,-7087,0,0,0.0,-1,-0.002391,299,49,4270,2391,6000,,0,,,,holding,normal,0,no_load,none,"A1: Servo ON, shaft stationary",servo-app/lab-0.1
1781157325.8410416,23.396897077560425,A1_HOLDING_SERVO_ON,A1_HOLDING_SERVO_ON_R03_20260611_125501,delta-asda-b3-e,1616,VE|SOD|TR,1,0,-7091,0,-1,-0.00427,0,0.0,299,49,4270,2391,6000,,0,,,,holding,normal,0,no_load,none,"A1: Servo ON, shaft stationary",servo-app/lab-0.1
1781157325.941311,23.497166395187378,A1_HOLDING_SERVO_ON,A1_HOLDING_SERVO_ON_R03_20260611_125501,delta-asda-b3-e,1616,VE|SOD|TR,1,0,-7095,0,0,0.0,0,0.0,299,49,4270,2391,6000,,0,,,,holding,normal,0,no_load,none,"A1: Servo ON, shaft stationary",servo-app/lab-0.1
1781157326.0416532,23.597508668899536,A1_HOLDING_SERVO_ON,A1_HOLDING_SERVO_ON_R03_20260611_125501,delta-asda-b3-e,1616,VE|SOD|TR,1,0,-7101,0,-1,-0.00427,0,0.0,299,49,4270,2391,6000,,0,,,,holding,normal,0,no_load,none,"A1: Servo ON, shaft stationary",servo-app/lab-0.1
1781157326.1419208,23.697776317596436,A1_HOLDING_SERVO_ON,A1_HOLDING_SERVO_ON_R03_20260611_125501,delta-asda-b3-e,1616,VE|SOD|TR,1,0,-7097,0,-1,-0.00427,-1,-0.002391,299,49,4270,2391,6000,,0,,,,holding,normal,0,no_load,none,"A1: Servo ON, shaft stationary",servo-app/lab-0.1
1781157326.2437708,23.799626350402832,A1_HOLDING_SERVO_ON,A1_HOLDING_SERVO_ON_R03_20260611_125501,delta-asda-b3-e,1616,VE|SOD|TR,1,0,-7101,0,0,0.0,-1,-0.002391,299,49,4270,2391,6000,,0,,,,holding,normal,0,no_load,none,"A1: Servo ON, shaft stationary",servo-app/lab-0.1
1781157326.344159,23.900014400482178,A1_HOLDING_SERVO_ON,A1_HOLDING_SERVO_ON_R03_20260611_125501,delta-asda-b3-e,1616,VE|SOD|TR,1,0,-7091,0,0,0.0,0,0.0,299,49,4270,2391,6000,,0,,,,holding,normal,0,no_load,none,"A1: Servo ON, shaft stationary",servo-app/lab-0.1
1781157326.4443014,24.00015687942505,A1_HOLDING_SERVO_ON,A1_HOLDING_SERVO_ON_R03_20260611_125501,delta-asda-b3-e,1616,VE|SOD|TR,1,0,-7101,0,0,0.0,-1,-0.002391,299,49,4270,2391,6000,,0,,,,holding,normal,0,no_load,none,"A1: Servo ON, shaft stationary",servo-app/lab-0.1
1781157326.5448391,24.10069465637207,A1_HOLDING_SERVO_ON,A1_HOLDING_SERVO_ON_R03_20260611_125501,delta-asda-b3-e,1616,VE|SOD|TR,1,0,-7095,0,0,0.0,-1,-0.002391,299,49,4270,2391,6000,,0,,,,holding,normal,0,no_load,none,"A1: Servo ON, shaft stationary",servo-app/lab-0.1
1781157326.6452165,24.201071977615356,A1_HOLDING_SERVO_ON,A1_HOLDING_SERVO_ON_R03_20260611_125501,delta-asda-b3-e,1616,VE|SOD|TR,1,0,-7101,0,0,0.0,0,0.0,299,49,4270,2391,6000,,0,,,,holding,normal,0,no_load,none,"A1: Servo ON, shaft stationary",servo-app/lab-0.1
1781157326.7456229,24.301478385925293,A1_HOLDING_SERVO_ON,A1_HOLDING_SERVO_ON_R03_20260611_125501,delta-asda-b3-e,1616,VE|SOD|TR,1,0,-7087,0,-1,-0.00427,-1,-0.002391,299,49,4270,2391,6000,,0,,,,holding,normal,0,no_load,none,"A1: Servo ON, shaft stationary",servo-app/lab-0.1
1781157326.8460262,24.4018816947937,A1_HOLDING_SERVO_ON,A1_HOLDING_SERVO_ON_R03_20260611_125501,delta-asda-b3-e,1616,VE|SOD|TR,1,0,-7087,0,-1,-0.00427,-1,-0.002391,299,49,4270,2391,6000,,0,,,,holding,normal,0,no_load,none,"A1: Servo ON, shaft stationary",servo-app/lab-0.1
1781157326.9466221,24.502477645874023,A1_HOLDING_SERVO_ON,A1_HOLDING_SERVO_ON_R03_20260611_125501,delta-asda-b3-e,1616,VE|SOD|TR,1,0,-7101,0,-1,-0.00427,0,0.0,299,49,4270,2391,6000,,0,,,,holding,normal,0,no_load,none,"A1: Servo ON, shaft stationary",servo-app/lab-0.1
1781157327.047174,24.603029489517212,A1_HOLDING_SERVO_ON,A1_HOLDING_SERVO_ON_R03_20260611_125501,delta-asda-b3-e,1616,VE|SOD|TR,1,0,-7095,0,-1,-0.00427,0,0.0,299,49,4270,2391,6000,,0,,,,holding,normal,0,no_load,none,"A1: Servo ON, shaft stationary",servo-app/lab-0.1
1781157327.1474018,24.7032573223114,A1_HOLDING_SERVO_ON,A1_HOLDING_SERVO_ON_R03_20260611_125501,delta-asda-b3-e,1616,VE|SOD|TR,1,0,-7095,0,0,0.0,0,0.0,299,49,4270,2391,6000,,0,,,,holding,normal,0,no_load,none,"A1: Servo ON, shaft stationary",servo-app/lab-0.1
1781157327.2478054,24.80366086959839,A1_HOLDING_SERVO_ON,A1_HOLDING_SERVO_ON_R03_20260611_125501,delta-asda-b3-e,1616,VE|SOD|TR,1,0,-7091,0,-1,-0.00427,0,0.0,298,49,4270,2391,6000,,0,,,,holding,normal,0,no_load,none,"A1: Servo ON, shaft stationary",servo-app/lab-0.1
1781157327.3482966,24.904152154922485,A1_HOLDING_SERVO_ON,A1_HOLDING_SERVO_ON_R03_20260611_125501,delta-asda-b3-e,1616,VE|SOD|TR,1,0,-7101,0,-1,-0.00427,-1,-0.002391,299,49,4270,2391,6000,,0,,,,holding,normal,0,no_load,none,"A1: Servo ON, shaft stationary",servo-app/lab-0.1
1781157327.4487228,25.004578351974487,A1_HOLDING_SERVO_ON,A1_HOLDING_SERVO_ON_R03_20260611_125501,delta-asda-b3-e,1616,VE|SOD|TR,1,0,-7101,0,-1,-0.00427,-1,-0.002391,299,49,4270,2391,6000,,0,,,,holding,normal,0,no_load,none,"A1: Servo ON, shaft stationary",servo-app/lab-0.1
1781157327.5490334,25.104888916015625,A1_HOLDING_SERVO_ON,A1_HOLDING_SERVO_ON_R03_20260611_125501,delta-asda-b3-e,1616,VE|SOD|TR,1,0,-7095,0,-1,-0.00427,0,0.0,299,49,4270,2391,6000,,0,,,,holding,normal,0,no_load,none,"A1: Servo ON, shaft stationary",servo-app/lab-0.1
1781157327.6495218,25.205377340316772,A1_HOLDING_SERVO_ON,A1_HOLDING_SERVO_ON_R03_20260611_125501,delta-asda-b3-e,1616,VE|SOD|TR,1,0,-7101,0,0,0.0,-1,-0.002391,299,49,4270,2391,6000,,0,,,,holding,normal,0,no_load,none,"A1: Servo ON, shaft stationary",servo-app/lab-0.1
1781157327.749947,25.305802583694458,A1_HOLDING_SERVO_ON,A1_HOLDING_SERVO_ON_R03_20260611_125501,delta-asda-b3-e,1616,VE|SOD|TR,1,0,-7091,0,-1,-0.00427,0,0.0,299,49,4270,2391,6000,,0,,,,holding,normal,0,no_load,none,"A1: Servo ON, shaft stationary",servo-app/lab-0.1
1781157327.8501263,25.40598177909851,A1_HOLDING_SERVO_ON,A1_HOLDING_SERVO_ON_R03_20260611_125501,delta-asda-b3-e,1616,VE|SOD|TR,1,0,-7097,0,0,0.0,-1,-0.002391,300,49,4270,2391,6000,,0,,,,holding,normal,0,no_load,none,"A1: Servo ON, shaft stationary",servo-app/lab-0.1
1781157327.9502983,25.50615382194519,A1_HOLDING_SERVO_ON,A1_HOLDING_SERVO_ON_R03_20260611_125501,delta-asda-b3-e,1616,VE|SOD|TR,1,0,-7097,0,-1,-0.00427,-1,-0.002391,299,49,4270,2391,6000,,0,,,,holding,normal,0,no_load,none,"A1: Servo ON, shaft stationary",servo-app/lab-0.1
1781157328.0509942,25.606849670410156,A1_HOLDING_SERVO_ON,A1_HOLDING_SERVO_ON_R03_20260611_125501,delta-asda-b3-e,1616,VE|SOD|TR,1,0,-7101,0,0,0.0,-1,-0.002391,299,49,4270,2391,6000,,0,,,,holding,normal,0,no_load,none,"A1: Servo ON, shaft stationary",servo-app/lab-0.1
1781157328.15134,25.707195520401,A1_HOLDING_SERVO_ON,A1_HOLDING_SERVO_ON_R03_20260611_125501,delta-asda-b3-e,1616,VE|SOD|TR,1,0,-7101,0,0,0.0,-1,-0.002391,299,49,4270,2391,6000,,0,,,,holding,normal,0,no_load,none,"A1: Servo ON, shaft stationary",servo-app/lab-0.1
1781157328.2519002,25.807755708694458,A1_HOLDING_SERVO_ON,A1_HOLDING_SERVO_ON_R03_20260611_125501,delta-asda-b3-e,1616,VE|SOD|TR,1,0,-7095,0,0,0.0,0,0.0,299,49,4270,2391,6000,,0,,,,holding,normal,0,no_load,none,"A1: Servo ON, shaft stationary",servo-app/lab-0.1
1781157328.3519998,25.90785527229309,A1_HOLDING_SERVO_ON,A1_HOLDING_SERVO_ON_R03_20260611_125501,delta-asda-b3-e,1616,VE|SOD|TR,1,0,-7085,0,0,0.0,-1,-0.002391,299,49,4270,2391,6000,,0,,,,holding,normal,0,no_load,none,"A1: Servo ON, shaft stationary",servo-app/lab-0.1
1781157328.4524262,26.008281707763672,A1_HOLDING_SERVO_ON,A1_HOLDING_SERVO_ON_R03_20260611_125501,delta-asda-b3-e,1616,VE|SOD|TR,1,0,-7101,0,0,0.0,-1,-0.002391,299,49,4270,2391,6000,,0,,,,holding,normal,0,no_load,none,"A1: Servo ON, shaft stationary",servo-app/lab-0.1
1781157328.5526376,26.108493089675903,A1_HOLDING_SERVO_ON,A1_HOLDING_SERVO_ON_R03_20260611_125501,delta-asda-b3-e,1616,VE|SOD|TR,1,0,-7097,0,0,0.0,-1,-0.002391,299,49,4270,2391,6000,,0,,,,holding,normal,0,no_load,none,"A1: Servo ON, shaft stationary",servo-app/lab-0.1
1781157328.6530123,26.20886778831482,A1_HOLDING_SERVO_ON,A1_HOLDING_SERVO_ON_R03_20260611_125501,delta-asda-b3-e,1616,VE|SOD|TR,1,0,-7101,0,0,0.0,-1,-0.002391,299,49,4270,2391,6000,,0,,,,holding,normal,0,no_load,none,"A1: Servo ON, shaft stationary",servo-app/lab-0.1
1781157328.753487,26.309342622756958,A1_HOLDING_SERVO_ON,A1_HOLDING_SERVO_ON_R03_20260611_125501,delta-asda-b3-e,1616,VE|SOD|TR,1,0,-7097,0,-1,-0.00427,-1,-0.002391,299,49,4270,2391,6000,,0,,,,holding,normal,0,no_load,none,"A1: Servo ON, shaft stationary",servo-app/lab-0.1
1781157328.85391,26.409765481948853,A1_HOLDING_SERVO_ON,A1_HOLDING_SERVO_ON_R03_20260611_125501,delta-asda-b3-e,1616,VE|SOD|TR,1,0,-7095,0,0,0.0,0,0.0,299,49,4270,2391,6000,,0,,,,holding,normal,0,no_load,none,"A1: Servo ON, shaft stationary",servo-app/lab-0.1
1781157328.9541516,26.51000714302063,A1_HOLDING_SERVO_ON,A1_HOLDING_SERVO_ON_R03_20260611_125501,delta-asda-b3-e,1616,VE|SOD|TR,1,0,-7101,0,-1,-0.00427,0,0.0,299,49,4270,2391,6000,,0,,,,holding,normal,0,no_load,none,"A1: Servo ON, shaft stationary",servo-app/lab-0.1
1781157329.0544333,26.610288858413696,A1_HOLDING_SERVO_ON,A1_HOLDING_SERVO_ON_R03_20260611_125501,delta-asda-b3-e,1616,VE|SOD|TR,1,0,-7097,0,-1,-0.00427,-1,-0.002391,299,49,4270,2391,6000,,0,,,,holding,normal,0,no_load,none,"A1: Servo ON, shaft stationary",servo-app/lab-0.1
1781157329.1547508,26.710606336593628,A1_HOLDING_SERVO_ON,A1_HOLDING_SERVO_ON_R03_20260611_125501,delta-asda-b3-e,1616,VE|SOD|TR,1,0,-7097,0,0,0.0,-1,-0.002391,299,49,4270,2391,6000,,0,,,,holding,normal,0,no_load,none,"A1: Servo ON, shaft stationary",servo-app/lab-0.1
1781157329.254987,26.810842514038086,A1_HOLDING_SERVO_ON,A1_HOLDING_SERVO_ON_R03_20260611_125501,delta-asda-b3-e,1616,VE|SOD|TR,1,0,-7101,0,-1,-0.00427,0,0.0,299,49,4270,2391,6000,,0,,,,holding,normal,0,no_load,none,"A1: Servo ON, shaft stationary",servo-app/lab-0.1
1781157329.3551304,26.910985946655273,A1_HOLDING_SERVO_ON,A1_HOLDING_SERVO_ON_R03_20260611_125501,delta-asda-b3-e,1616,VE|SOD|TR,1,0,-7091,0,-1,-0.00427,-1,-0.002391,299,49,4270,2391,6000,,0,,,,holding,normal,0,no_load,none,"A1: Servo ON, shaft stationary",servo-app/lab-0.1
1781157329.45541,27.011265516281128,A1_HOLDING_SERVO_ON,A1_HOLDING_SERVO_ON_R03_20260611_125501,delta-asda-b3-e,1616,VE|SOD|TR,1,0,-7095,0,0,0.0,0,0.0,299,49,4270,2391,6000,,0,,,,holding,normal,0,no_load,none,"A1: Servo ON, shaft stationary",servo-app/lab-0.1
1781157329.5556426,27.1114981174469,A1_HOLDING_SERVO_ON,A1_HOLDING_SERVO_ON_R03_20260611_125501,delta-asda-b3-e,1616,VE|SOD|TR,1,0,-7101,0,-1,-0.00427,-1,-0.002391,299,49,4270,2391,6000,,0,,,,holding,normal,0,no_load,none,"A1: Servo ON, shaft stationary",servo-app/lab-0.1
1781157329.655788,27.21164345741272,A1_HOLDING_SERVO_ON,A1_HOLDING_SERVO_ON_R03_20260611_125501,delta-asda-b3-e,1616,VE|SOD|TR,1,0,-7101,0,0,0.0,-1,-0.002391,299,49,4270,2391,6000,,0,,,,holding,normal,0,no_load,none,"A1: Servo ON, shaft stationary",servo-app/lab-0.1
1781157329.756023,27.311878442764282,A1_HOLDING_SERVO_ON,A1_HOLDING_SERVO_ON_R03_20260611_125501,delta-asda-b3-e,1616,VE|SOD|TR,1,0,-7097,0,-1,-0.00427,0,0.0,299,49,4270,2391,6000,,0,,,,holding,normal,0,no_load,none,"A1: Servo ON, shaft stationary",servo-app/lab-0.1
1781157329.8561976,27.412053108215332,A1_HOLDING_SERVO_ON,A1_HOLDING_SERVO_ON_R03_20260611_125501,delta-asda-b3-e,1616,VE|SOD|TR,1,0,-7101,0,0,0.0,-1,-0.002391,299,49,4270,2391,6000,,0,,,,holding,normal,0,no_load,none,"A1: Servo ON, shaft stationary",servo-app/lab-0.1
1781157329.9565163,27.51237177848816,A1_HOLDING_SERVO_ON,A1_HOLDING_SERVO_ON_R03_20260611_125501,delta-asda-b3-e,1616,VE|SOD|TR,1,0,-7101,0,-1,-0.00427,0,0.0,299,49,4270,2391,6000,,0,,,,holding,normal,0,no_load,none,"A1: Servo ON, shaft stationary",servo-app/lab-0.1
1781157330.056767,27.612622499465942,A1_HOLDING_SERVO_ON,A1_HOLDING_SERVO_ON_R03_20260611_125501,delta-asda-b3-e,1616,VE|SOD|TR,1,0,-7101,0,0,0.0,-1,-0.002391,299,49,4270,2391,6000,,0,,,,holding,normal,0,no_load,none,"A1: Servo ON, shaft stationary",servo-app/lab-0.1
1781157330.1570377,27.71289324760437,A1_HOLDING_SERVO_ON,A1_HOLDING_SERVO_ON_R03_20260611_125501,delta-asda-b3-e,1616,VE|SOD|TR,1,0,-7097,0,-1,-0.00427,-1,-0.002391,299,49,4270,2391,6000,,0,,,,holding,normal,0,no_load,none,"A1: Servo ON, shaft stationary",servo-app/lab-0.1
1781157330.2572737,27.81312918663025,A1_HOLDING_SERVO_ON,A1_HOLDING_SERVO_ON_R03_20260611_125501,delta-asda-b3-e,1616,VE|SOD|TR,1,0,-7101,0,0,0.0,0,0.0,299,49,4270,2391,6000,,0,,,,holding,normal,0,no_load,none,"A1: Servo ON, shaft stationary",servo-app/lab-0.1
1781157330.3575068,27.91336226463318,A1_HOLDING_SERVO_ON,A1_HOLDING_SERVO_ON_R03_20260611_125501,delta-asda-b3-e,1616,VE|SOD|TR,1,0,-7097,0,0,0.0,0,0.0,299,49,4270,2391,6000,,0,,,,holding,normal,0,no_load,none,"A1: Servo ON, shaft stationary",servo-app/lab-0.1
1781157330.4582493,28.01410484313965,A1_HOLDING_SERVO_ON,A1_HOLDING_SERVO_ON_R03_20260611_125501,delta-asda-b3-e,1616,VE|SOD|TR,1,0,-7095,0,0,0.0,0,0.0,299,49,4270,2391,6000,,0,,,,holding,normal,0,no_load,none,"A1: Servo ON, shaft stationary",servo-app/lab-0.1
1781157330.5587158,28.11457133293152,A1_HOLDING_SERVO_ON,A1_HOLDING_SERVO_ON_R03_20260611_125501,delta-asda-b3-e,1616,VE|SOD|TR,1,0,-7097,0,0,0.0,0,0.0,299,49,4270,2391,6000,,0,,,,holding,normal,0,no_load,none,"A1: Servo ON, shaft stationary",servo-app/lab-0.1
1781157330.6589952,28.214850664138794,A1_HOLDING_SERVO_ON,A1_HOLDING_SERVO_ON_R03_20260611_125501,delta-asda-b3-e,1616,VE|SOD|TR,1,0,-7095,0,0,0.0,0,0.0,299,49,4270,2391,6000,,0,,,,holding,normal,0,no_load,none,"A1: Servo ON, shaft stationary",servo-app/lab-0.1
1781157330.7595806,28.315436124801636,A1_HOLDING_SERVO_ON,A1_HOLDING_SERVO_ON_R03_20260611_125501,delta-asda-b3-e,1616,VE|SOD|TR,1,0,-7101,0,0,0.0,0,0.0,299,49,4270,2391,6000,,0,,,,holding,normal,0,no_load,none,"A1: Servo ON, shaft stationary",servo-app/lab-0.1
1781157330.8598237,28.415679216384888,A1_HOLDING_SERVO_ON,A1_HOLDING_SERVO_ON_R03_20260611_125501,delta-asda-b3-e,1616,VE|SOD|TR,1,0,-7091,0,-1,-0.00427,0,0.0,299,49,4270,2391,6000,,0,,,,holding,normal,0,no_load,none,"A1: Servo ON, shaft stationary",servo-app/lab-0.1
1781157330.960241,28.516096591949463,A1_HOLDING_SERVO_ON,A1_HOLDING_SERVO_ON_R03_20260611_125501,delta-asda-b3-e,1616,VE|SOD|TR,1,0,-7091,0,0,0.0,-1,-0.002391,298,49,4270,2391,6000,,0,,,,holding,normal,0,no_load,none,"A1: Servo ON, shaft stationary",servo-app/lab-0.1
1781157331.060653,28.61650848388672,A1_HOLDING_SERVO_ON,A1_HOLDING_SERVO_ON_R03_20260611_125501,delta-asda-b3-e,1616,VE|SOD|TR,1,0,-7101,0,-1,-0.00427,0,0.0,299,49,4270,2391,6000,,0,,,,holding,normal,0,no_load,none,"A1: Servo ON, shaft stationary",servo-app/lab-0.1
1781157331.1609821,28.716837644577026,A1_HOLDING_SERVO_ON,A1_HOLDING_SERVO_ON_R03_20260611_125501,delta-asda-b3-e,1616,VE|SOD|TR,1,0,-7095,0,-1,-0.00427,0,0.0,298,49,4270,2391,6000,,0,,,,holding,normal,0,no_load,none,"A1: Servo ON, shaft stationary",servo-app/lab-0.1
1781157331.2613354,28.817190885543823,A1_HOLDING_SERVO_ON,A1_HOLDING_SERVO_ON_R03_20260611_125501,delta-asda-b3-e,1616,VE|SOD|TR,1,0,-7091,0,-1,-0.00427,0,0.0,298,49,4270,2391,6000,,0,,,,holding,normal,0,no_load,none,"A1: Servo ON, shaft stationary",servo-app/lab-0.1
1781157331.3616674,28.91752290725708,A1_HOLDING_SERVO_ON,A1_HOLDING_SERVO_ON_R03_20260611_125501,delta-asda-b3-e,1616,VE|SOD|TR,1,0,-7095,0,0,0.0,0,0.0,298,49,4270,2391,6000,,0,,,,holding,normal,0,no_load,none,"A1: Servo ON, shaft stationary",servo-app/lab-0.1
1781157331.461947,29.017802476882935,A1_HOLDING_SERVO_ON,A1_HOLDING_SERVO_ON_R03_20260611_125501,delta-asda-b3-e,1616,VE|SOD|TR,1,0,-7101,0,-1,-0.00427,-1,-0.002391,299,49,4270,2391,6000,,0,,,,holding,normal,0,no_load,none,"A1: Servo ON, shaft stationary",servo-app/lab-0.1
1781157331.5623639,29.11821937561035,A1_HOLDING_SERVO_ON,A1_HOLDING_SERVO_ON_R03_20260611_125501,delta-asda-b3-e,1616,VE|SOD|TR,1,0,-7101,0,0,0.0,0,0.0,299,49,4270,2391,6000,,0,,,,holding,normal,0,no_load,none,"A1: Servo ON, shaft stationary",servo-app/lab-0.1
1781157331.6624599,29.218315362930298,A1_HOLDING_SERVO_ON,A1_HOLDING_SERVO_ON_R03_20260611_125501,delta-asda-b3-e,1616,VE|SOD|TR,1,0,-7101,0,0,0.0,-1,-0.002391,299,49,4270,2391,6000,,0,,,,holding,normal,0,no_load,none,"A1: Servo ON, shaft stationary",servo-app/lab-0.1
1781157331.762597,29.31845259666443,A1_HOLDING_SERVO_ON,A1_HOLDING_SERVO_ON_R03_20260611_125501,delta-asda-b3-e,1616,VE|SOD|TR,1,0,-7101,0,0,0.0,0,0.0,299,49,4270,2391,6000,,0,,,,holding,normal,0,no_load,none,"A1: Servo ON, shaft stationary",servo-app/lab-0.1
1781157331.863174,29.419029474258423,A1_HOLDING_SERVO_ON,A1_HOLDING_SERVO_ON_R03_20260611_125501,delta-asda-b3-e,1616,VE|SOD|TR,1,0,-7091,0,-1,-0.00427,-1,-0.002391,299,49,4270,2391,6000,,0,,,,holding,normal,0,no_load,none,"A1: Servo ON, shaft stationary",servo-app/lab-0.1
1781157331.9635677,29.519423246383667,A1_HOLDING_SERVO_ON,A1_HOLDING_SERVO_ON_R03_20260611_125501,delta-asda-b3-e,1616,VE|SOD|TR,1,0,-7091,0,-1,-0.00427,-1,-0.002391,299,49,4270,2391,6000,,0,,,,holding,normal,0,no_load,none,"A1: Servo ON, shaft stationary",servo-app/lab-0.1
1781157332.0638573,29.619712829589844,A1_HOLDING_SERVO_ON,A1_HOLDING_SERVO_ON_R03_20260611_125501,delta-asda-b3-e,1616,VE|SOD|TR,1,0,-7095,0,0,0.0,-1,-0.002391,299,49,4270,2391,6000,,0,,,,holding,normal,0,no_load,none,"A1: Servo ON, shaft stationary",servo-app/lab-0.1
1781157332.164289,29.720144510269165,A1_HOLDING_SERVO_ON,A1_HOLDING_SERVO_ON_R03_20260611_125501,delta-asda-b3-e,1616,VE|SOD|TR,1,0,-7091,0,-1,-0.00427,0,0.0,299,49,4270,2391,6000,,0,,,,holding,normal,0,no_load,none,"A1: Servo ON, shaft stationary",servo-app/lab-0.1
1781157332.2647998,29.820655345916748,A1_HOLDING_SERVO_ON,A1_HOLDING_SERVO_ON_R03_20260611_125501,delta-asda-b3-e,1616,VE|SOD|TR,1,0,-7091,0,0,0.0,-1,-0.002391,299,49,4270,2391,6000,,0,,,,holding,normal,0,no_load,none,"A1: Servo ON, shaft stationary",servo-app/lab-0.1
1781157332.3653111,29.92116665840149,A1_HOLDING_SERVO_ON,A1_HOLDING_SERVO_ON_R03_20260611_125501,delta-asda-b3-e,1616,VE|SOD|TR,1,0,-7101,0,-1,-0.00427,-1,-0.002391,298,49,4270,2391,6000,,0,,,,holding,normal,0,no_load,none,"A1: Servo ON, shaft stationary",servo-app/lab-0.1
1781157332.4658275,30.02168297767639,A1_HOLDING_SERVO_ON,A1_HOLDING_SERVO_ON_R03_20260611_125501,delta-asda-b3-e,1616,VE|SOD|TR,1,0,-7097,0,0,0.0,0,0.0,298,49,4270,2391,6000,,0,,,,holding,normal,0,no_load,none,"A1: Servo ON, shaft stationary",servo-app/lab-0.1
1781157332.5660992,30.121954679489136,A1_HOLDING_SERVO_ON,A1_HOLDING_SERVO_ON_R03_20260611_125501,delta-asda-b3-e,1616,VE|SOD|TR,1,0,-7101,0,0,0.0,0,0.0,299,49,4270,2391,6000,,0,,,,holding,normal,0,no_load,none,"A1: Servo ON, shaft stationary",servo-app/lab-0.1
1781157332.6665971,30.222452640533447,A1_HOLDING_SERVO_ON,A1_HOLDING_SERVO_ON_R03_20260611_125501,delta-asda-b3-e,1616,VE|SOD|TR,1,0,-7091,0,0,0.0,0,0.0,299,49,4270,2391,6000,,0,,,,holding,normal,0,no_load,none,"A1: Servo ON, shaft stationary",servo-app/lab-0.1
1781157332.7673912,30.323246717453003,A1_HOLDING_SERVO_ON,A1_HOLDING_SERVO_ON_R03_20260611_125501,delta-asda-b3-e,1616,VE|SOD|TR,1,0,-7101,0,-1,-0.00427,-1,-0.002391,299,49,4270,2391,6000,,0,,,,holding,normal,0,no_load,none,"A1: Servo ON, shaft stationary",servo-app/lab-0.1
1781157332.8676765,30.423532009124756,A1_HOLDING_SERVO_ON,A1_HOLDING_SERVO_ON_R03_20260611_125501,delta-asda-b3-e,1616,VE|SOD|TR,1,0,-7101,0,0,0.0,-1,-0.002391,299,49,4270,2391,6000,,0,,,,holding,normal,0,no_load,none,"A1: Servo ON, shaft stationary",servo-app/lab-0.1
1781157332.9679372,30.52379274368286,A1_HOLDING_SERVO_ON,A1_HOLDING_SERVO_ON_R03_20260611_125501,delta-asda-b3-e,1616,VE|SOD|TR,1,0,-7101,0,-1,-0.00427,-1,-0.002391,299,49,4270,2391,6000,,0,,,,holding,normal,0,no_load,none,"A1: Servo ON, shaft stationary",servo-app/lab-0.1
1781157333.0680845,30.623939990997314,A1_HOLDING_SERVO_ON,A1_HOLDING_SERVO_ON_R03_20260611_125501,delta-asda-b3-e,1616,VE|SOD|TR,1,0,-7101,0,0,0.0,-1,-0.002391,299,49,4270,2391,6000,,0,,,,holding,normal,0,no_load,none,"A1: Servo ON, shaft stationary",servo-app/lab-0.1
1781157333.1681206,30.723976135253906,A1_HOLDING_SERVO_ON,A1_HOLDING_SERVO_ON_R03_20260611_125501,delta-asda-b3-e,1616,VE|SOD|TR,1,0,-7097,0,-1,-0.00427,0,0.0,299,49,4270,2391,6000,,0,,,,holding,normal,0,no_load,none,"A1: Servo ON, shaft stationary",servo-app/lab-0.1
1781157333.2688546,30.82471013069153,A1_HOLDING_SERVO_ON,A1_HOLDING_SERVO_ON_R03_20260611_125501,delta-asda-b3-e,1616,VE|SOD|TR,1,0,-7101,0,-1,-0.00427,0,0.0,299,49,4270,2391,6000,,0,,,,holding,normal,0,no_load,none,"A1: Servo ON, shaft stationary",servo-app/lab-0.1
1781157333.3692925,30.925148010253906,A1_HOLDING_SERVO_ON,A1_HOLDING_SERVO_ON_R03_20260611_125501,delta-asda-b3-e,1616,VE|SOD|TR,1,0,-7097,0,-1,-0.00427,-1,-0.002391,299,49,4270,2391,6000,,0,,,,holding,normal,0,no_load,none,"A1: Servo ON, shaft stationary",servo-app/lab-0.1
1781157333.4701426,31.02599811553955,A1_HOLDING_SERVO_ON,A1_HOLDING_SERVO_ON_R03_20260611_125501,delta-asda-b3-e,1616,VE|SOD|TR,1,0,-7101,0,0,0.0,-1,-0.002391,299,49,4270,2391,6000,,0,,,,holding,normal,0,no_load,none,"A1: Servo ON, shaft stationary",servo-app/lab-0.1
1781157333.570378,31.12623357772827,A1_HOLDING_SERVO_ON,A1_HOLDING_SERVO_ON_R03_20260611_125501,delta-asda-b3-e,1616,VE|SOD|TR,1,0,-7087,0,0,0.0,0,0.0,298,49,4270,2391,6000,,0,,,,holding,normal,0,no_load,none,"A1: Servo ON, shaft stationary",servo-app/lab-0.1
1781157333.6709883,31.22684383392334,A1_HOLDING_SERVO_ON,A1_HOLDING_SERVO_ON_R03_20260611_125501,delta-asda-b3-e,1616,VE|SOD|TR,1,0,-7101,0,0,0.0,-1,-0.002391,298,49,4270,2391,6000,,0,,,,holding,normal,0,no_load,none,"A1: Servo ON, shaft stationary",servo-app/lab-0.1
1781157333.7712,31.32705545425415,A1_HOLDING_SERVO_ON,A1_HOLDING_SERVO_ON_R03_20260611_125501,delta-asda-b3-e,1616,VE|SOD|TR,1,0,-7101,0,0,0.0,-1,-0.002391,299,49,4270,2391,6000,,0,,,,holding,normal,0,no_load,none,"A1: Servo ON, shaft stationary",servo-app/lab-0.1
1781157333.871645,31.4275004863739,A1_HOLDING_SERVO_ON,A1_HOLDING_SERVO_ON_R03_20260611_125501,delta-asda-b3-e,1616,VE|SOD|TR,1,0,-7101,0,-1,-0.00427,-1,-0.002391,299,49,4270,2391,6000,,0,,,,holding,normal,0,no_load,none,"A1: Servo ON, shaft stationary",servo-app/lab-0.1
1781157333.972476,31.528331518173218,A1_HOLDING_SERVO_ON,A1_HOLDING_SERVO_ON_R03_20260611_125501,delta-asda-b3-e,1616,VE|SOD|TR,1,0,-7101,0,-1,-0.00427,0,0.0,299,49,4270,2391,6000,,0,,,,holding,normal,0,no_load,none,"A1: Servo ON, shaft stationary",servo-app/lab-0.1
1781157334.0728726,31.62872815132141,A1_HOLDING_SERVO_ON,A1_HOLDING_SERVO_ON_R03_20260611_125501,delta-asda-b3-e,1616,VE|SOD|TR,1,0,-7101,0,0,0.0,0,0.0,298,49,4270,2391,6000,,0,,,,holding,normal,0,no_load,none,"A1: Servo ON, shaft stationary",servo-app/lab-0.1
1781157334.1732848,31.729140281677246,A1_HOLDING_SERVO_ON,A1_HOLDING_SERVO_ON_R03_20260611_125501,delta-asda-b3-e,1616,VE|SOD|TR,1,0,-7091,0,-1,-0.00427,0,0.0,299,49,4270,2391,6000,,0,,,,holding,normal,0,no_load,none,"A1: Servo ON, shaft stationary",servo-app/lab-0.1
1781157334.2734601,31.829315662384033,A1_HOLDING_SERVO_ON,A1_HOLDING_SERVO_ON_R03_20260611_125501,delta-asda-b3-e,1616,VE|SOD|TR,1,0,-7087,0,-1,-0.00427,0,0.0,299,49,4270,2391,6000,,0,,,,holding,normal,0,no_load,none,"A1: Servo ON, shaft stationary",servo-app/lab-0.1
1781157334.373773,31.929628610610962,A1_HOLDING_SERVO_ON,A1_HOLDING_SERVO_ON_R03_20260611_125501,delta-asda-b3-e,1616,VE|SOD|TR,1,0,-7101,0,-1,-0.00427,-1,-0.002391,298,49,4270,2391,6000,,0,,,,holding,normal,0,no_load,none,"A1: Servo ON, shaft stationary",servo-app/lab-0.1
1781157334.4739149,32.029770374298096,A1_HOLDING_SERVO_ON,A1_HOLDING_SERVO_ON_R03_20260611_125501,delta-asda-b3-e,1616,VE|SOD|TR,1,0,-7101,0,-1,-0.00427,-1,-0.002391,298,49,4270,2391,6000,,0,,,,holding,normal,0,no_load,none,"A1: Servo ON, shaft stationary",servo-app/lab-0.1
1781157334.5743537,32.13020920753479,A1_HOLDING_SERVO_ON,A1_HOLDING_SERVO_ON_R03_20260611_125501,delta-asda-b3-e,1616,VE|SOD|TR,1,0,-7101,0,0,0.0,0,0.0,298,49,4270,2391,6000,,0,,,,holding,normal,0,no_load,none,"A1: Servo ON, shaft stationary",servo-app/lab-0.1
1781157334.6746974,32.23055291175842,A1_HOLDING_SERVO_ON,A1_HOLDING_SERVO_ON_R03_20260611_125501,delta-asda-b3-e,1616,VE|SOD|TR,1,0,-7101,0,0,0.0,-1,-0.002391,298,49,4270,2391,6000,,0,,,,holding,normal,0,no_load,none,"A1: Servo ON, shaft stationary",servo-app/lab-0.1
1781157334.7754672,32.33132266998291,A1_HOLDING_SERVO_ON,A1_HOLDING_SERVO_ON_R03_20260611_125501,delta-asda-b3-e,1616,VE|SOD|TR,1,0,-7097,0,-1,-0.00427,0,0.0,299,49,4270,2391,6000,,0,,,,holding,normal,0,no_load,none,"A1: Servo ON, shaft stationary",servo-app/lab-0.1
1781157334.8759031,32.431758642196655,A1_HOLDING_SERVO_ON,A1_HOLDING_SERVO_ON_R03_20260611_125501,delta-asda-b3-e,1616,VE|SOD|TR,1,0,-7101,0,-1,-0.00427,0,0.0,298,49,4270,2391,6000,,0,,,,holding,normal,0,no_load,none,"A1: Servo ON, shaft stationary",servo-app/lab-0.1
1781157334.9760199,32.53187537193298,A1_HOLDING_SERVO_ON,A1_HOLDING_SERVO_ON_R03_20260611_125501,delta-asda-b3-e,1616,VE|SOD|TR,1,0,-7097,0,-1,-0.00427,0,0.0,299,49,4270,2391,6000,,0,,,,holding,normal,0,no_load,none,"A1: Servo ON, shaft stationary",servo-app/lab-0.1
1781157335.0760844,32.63193988800049,A1_HOLDING_SERVO_ON,A1_HOLDING_SERVO_ON_R03_20260611_125501,delta-asda-b3-e,1616,VE|SOD|TR,1,0,-7087,0,-1,-0.00427,-1,-0.002391,299,49,4270,2391,6000,,0,,,,holding,normal,0,no_load,none,"A1: Servo ON, shaft stationary",servo-app/lab-0.1
1781157335.1766064,32.73246192932129,A1_HOLDING_SERVO_ON,A1_HOLDING_SERVO_ON_R03_20260611_125501,delta-asda-b3-e,1616,VE|SOD|TR,1,0,-7101,0,0,0.0,0,0.0,299,49,4270,2391,6000,,0,,,,holding,normal,0,no_load,none,"A1: Servo ON, shaft stationary",servo-app/lab-0.1
1781157335.2770493,32.83290481567383,A1_HOLDING_SERVO_ON,A1_HOLDING_SERVO_ON_R03_20260611_125501,delta-asda-b3-e,1616,VE|SOD|TR,1,0,-7101,0,-1,-0.00427,0,0.0,299,49,4270,2391,6000,,0,,,,holding,normal,0,no_load,none,"A1: Servo ON, shaft stationary",servo-app/lab-0.1
1781157335.3772347,32.93309020996094,A1_HOLDING_SERVO_ON,A1_HOLDING_SERVO_ON_R03_20260611_125501,delta-asda-b3-e,1616,VE|SOD|TR,1,0,-7101,0,0,0.0,-1,-0.002391,299,49,4270,2391,6000,,0,,,,holding,normal,0,no_load,none,"A1: Servo ON, shaft stationary",servo-app/lab-0.1
1781157335.4782789,33.03413438796997,A1_HOLDING_SERVO_ON,A1_HOLDING_SERVO_ON_R03_20260611_125501,delta-asda-b3-e,1616,VE|SOD|TR,1,0,-7095,0,0,0.0,-1,-0.002391,299,49,4270,2391,6000,,0,,,,holding,normal,0,no_load,none,"A1: Servo ON, shaft stationary",servo-app/lab-0.1
1781157335.578518,33.13437342643738,A1_HOLDING_SERVO_ON,A1_HOLDING_SERVO_ON_R03_20260611_125501,delta-asda-b3-e,1616,VE|SOD|TR,1,0,-7097,0,0,0.0,-1,-0.002391,299,49,4270,2391,6000,,0,,,,holding,normal,0,no_load,none,"A1: Servo ON, shaft stationary",servo-app/lab-0.1
1781157335.6787403,33.23459577560425,A1_HOLDING_SERVO_ON,A1_HOLDING_SERVO_ON_R03_20260611_125501,delta-asda-b3-e,1616,VE|SOD|TR,1,0,-7091,0,0,0.0,-1,-0.002391,299,49,4270,2391,6000,,0,,,,holding,normal,0,no_load,none,"A1: Servo ON, shaft stationary",servo-app/lab-0.1
1781157335.7790422,33.33489775657654,A1_HOLDING_SERVO_ON,A1_HOLDING_SERVO_ON_R03_20260611_125501,delta-asda-b3-e,1616,VE|SOD|TR,1,0,-7101,0,-1,-0.00427,-1,-0.002391,299,49,4270,2391,6000,,0,,,,holding,normal,0,no_load,none,"A1: Servo ON, shaft stationary",servo-app/lab-0.1
1781157335.8791466,33.43500208854675,A1_HOLDING_SERVO_ON,A1_HOLDING_SERVO_ON_R03_20260611_125501,delta-asda-b3-e,1616,VE|SOD|TR,1,0,-7095,0,-1,-0.00427,-1,-0.002391,299,49,4270,2391,6000,,0,,,,holding,normal,0,no_load,none,"A1: Servo ON, shaft stationary",servo-app/lab-0.1
1781157335.9792173,33.535072803497314,A1_HOLDING_SERVO_ON,A1_HOLDING_SERVO_ON_R03_20260611_125501,delta-asda-b3-e,1616,VE|SOD|TR,1,0,-7091,0,-1,-0.00427,-1,-0.002391,299,49,4270,2391,6000,,0,,,,holding,normal,0,no_load,none,"A1: Servo ON, shaft stationary",servo-app/lab-0.1
1781157336.079371,33.6352264881134,A1_HOLDING_SERVO_ON,A1_HOLDING_SERVO_ON_R03_20260611_125501,delta-asda-b3-e,1616,VE|SOD|TR,1,0,-7087,0,-1,-0.00427,0,0.0,299,49,4270,2391,6000,,0,,,,holding,normal,0,no_load,none,"A1: Servo ON, shaft stationary",servo-app/lab-0.1
1781157336.1798012,33.73565673828125,A1_HOLDING_SERVO_ON,A1_HOLDING_SERVO_ON_R03_20260611_125501,delta-asda-b3-e,1616,VE|SOD|TR,1,0,-7095,0,0,0.0,0,0.0,299,49,4270,2391,6000,,0,,,,holding,normal,0,no_load,none,"A1: Servo ON, shaft stationary",servo-app/lab-0.1
1781157336.2801142,33.83596968650818,A1_HOLDING_SERVO_ON,A1_HOLDING_SERVO_ON_R03_20260611_125501,delta-asda-b3-e,1616,VE|SOD|TR,1,0,-7101,0,-1,-0.00427,0,0.0,299,49,4270,2391,6000,,0,,,,holding,normal,0,no_load,none,"A1: Servo ON, shaft stationary",servo-app/lab-0.1
1781157336.3952184,33.95107388496399,A1_HOLDING_SERVO_ON,A1_HOLDING_SERVO_ON_R03_20260611_125501,delta-asda-b3-e,1616,VE|SOD|TR,1,0,-7101,0,0,0.0,0,0.0,299,49,4270,2391,6000,,0,,,,holding,normal,0,no_load,none,"A1: Servo ON, shaft stationary",servo-app/lab-0.1
1781157336.4956603,34.05151581764221,A1_HOLDING_SERVO_ON,A1_HOLDING_SERVO_ON_R03_20260611_125501,delta-asda-b3-e,1616,VE|SOD|TR,1,0,-7097,0,-1,-0.00427,-1,-0.002391,299,49,4270,2391,6000,,0,,,,holding,normal,0,no_load,none,"A1: Servo ON, shaft stationary",servo-app/lab-0.1
1781157336.5965157,34.1523711681366,A1_HOLDING_SERVO_ON,A1_HOLDING_SERVO_ON_R03_20260611_125501,delta-asda-b3-e,1616,VE|SOD|TR,1,0,-7091,0,0,0.0,-1,-0.002391,299,49,4270,2391,6000,,0,,,,holding,normal,0,no_load,none,"A1: Servo ON, shaft stationary",servo-app/lab-0.1
1781157336.6967049,34.25256037712097,A1_HOLDING_SERVO_ON,A1_HOLDING_SERVO_ON_R03_20260611_125501,delta-asda-b3-e,1616,VE|SOD|TR,1,0,-7087,0,-1,-0.00427,0,0.0,299,49,4270,2391,6000,,0,,,,holding,normal,0,no_load,none,"A1: Servo ON, shaft stationary",servo-app/lab-0.1
1781157336.7970092,34.35286474227905,A1_HOLDING_SERVO_ON,A1_HOLDING_SERVO_ON_R03_20260611_125501,delta-asda-b3-e,1616,VE|SOD|TR,1,0,-7097,0,-1,-0.00427,0,0.0,299,49,4270,2391,6000,,0,,,,holding,normal,0,no_load,none,"A1: Servo ON, shaft stationary",servo-app/lab-0.1
1781157336.8970582,34.452913761138916,A1_HOLDING_SERVO_ON,A1_HOLDING_SERVO_ON_R03_20260611_125501,delta-asda-b3-e,1616,VE|SOD|TR,1,0,-7087,0,-1,-0.00427,-1,-0.002391,299,49,4270,2391,6000,,0,,,,holding,normal,0,no_load,none,"A1: Servo ON, shaft stationary",servo-app/lab-0.1
1781157336.9975004,34.55335593223572,A1_HOLDING_SERVO_ON,A1_HOLDING_SERVO_ON_R03_20260611_125501,delta-asda-b3-e,1616,VE|SOD|TR,1,0,-7101,0,-1,-0.00427,-1,-0.002391,299,49,4270,2391,6000,,0,,,,holding,normal,0,no_load,none,"A1: Servo ON, shaft stationary",servo-app/lab-0.1
1781157337.097642,34.65349745750427,A1_HOLDING_SERVO_ON,A1_HOLDING_SERVO_ON_R03_20260611_125501,delta-asda-b3-e,1616,VE|SOD|TR,1,0,-7101,0,-1,-0.00427,-1,-0.002391,299,49,4270,2391,6000,,0,,,,holding,normal,0,no_load,none,"A1: Servo ON, shaft stationary",servo-app/lab-0.1
1781157337.1982262,34.75408172607422,A1_HOLDING_SERVO_ON,A1_HOLDING_SERVO_ON_R03_20260611_125501,delta-asda-b3-e,1616,VE|SOD|TR,1,0,-7101,0,0,0.0,-1,-0.002391,299,49,4270,2391,6000,,0,,,,holding,normal,0,no_load,none,"A1: Servo ON, shaft stationary",servo-app/lab-0.1
1781157337.2985315,34.854387044906616,A1_HOLDING_SERVO_ON,A1_HOLDING_SERVO_ON_R03_20260611_125501,delta-asda-b3-e,1616,VE|SOD|TR,1,0,-7101,0,-1,-0.00427,-1,-0.002391,299,49,4270,2391,6000,,0,,,,holding,normal,0,no_load,none,"A1: Servo ON, shaft stationary",servo-app/lab-0.1
1781157337.3989217,34.954777240753174,A1_HOLDING_SERVO_ON,A1_HOLDING_SERVO_ON_R03_20260611_125501,delta-asda-b3-e,1616,VE|SOD|TR,1,0,-7101,0,0,0.0,0,0.0,299,49,4270,2391,6000,,0,,,,holding,normal,0,no_load,none,"A1: Servo ON, shaft stationary",servo-app/lab-0.1
1781157337.4991915,35.055047035217285,A1_HOLDING_SERVO_ON,A1_HOLDING_SERVO_ON_R03_20260611_125501,delta-asda-b3-e,1616,VE|SOD|TR,1,0,-7087,0,0,0.0,-1,-0.002391,299,49,4270,2391,6000,,0,,,,holding,normal,0,no_load,none,"A1: Servo ON, shaft stationary",servo-app/lab-0.1
1781157337.5995038,35.15535926818848,A1_HOLDING_SERVO_ON,A1_HOLDING_SERVO_ON_R03_20260611_125501,delta-asda-b3-e,1616,VE|SOD|TR,1,0,-7101,0,-1,-0.00427,-1,-0.002391,299,49,4270,2391,6000,,0,,,,holding,normal,0,no_load,none,"A1: Servo ON, shaft stationary",servo-app/lab-0.1
1781157337.6999917,35.255847215652466,A1_HOLDING_SERVO_ON,A1_HOLDING_SERVO_ON_R03_20260611_125501,delta-asda-b3-e,1616,VE|SOD|TR,1,0,-7101,0,0,0.0,0,0.0,299,49,4270,2391,6000,,0,,,,holding,normal,0,no_load,none,"A1: Servo ON, shaft stationary",servo-app/lab-0.1
1781157337.8024006,35.358256101608276,A1_HOLDING_SERVO_ON,A1_HOLDING_SERVO_ON_R03_20260611_125501,delta-asda-b3-e,1616,VE|SOD|TR,1,0,-7101,0,-1,-0.00427,0,0.0,300,49,4270,2391,6000,,0,,,,holding,normal,0,no_load,none,"A1: Servo ON, shaft stationary",servo-app/lab-0.1
1781157337.9026577,35.458513259887695,A1_HOLDING_SERVO_ON,A1_HOLDING_SERVO_ON_R03_20260611_125501,delta-asda-b3-e,1616,VE|SOD|TR,1,0,-7097,0,0,0.0,0,0.0,300,49,4270,2391,6000,,0,,,,holding,normal,0,no_load,none,"A1: Servo ON, shaft stationary",servo-app/lab-0.1
1781157338.003094,35.55894947052002,A1_HOLDING_SERVO_ON,A1_HOLDING_SERVO_ON_R03_20260611_125501,delta-asda-b3-e,1616,VE|SOD|TR,1,0,-7101,0,-1,-0.00427,0,0.0,299,49,4270,2391,6000,,0,,,,holding,normal,0,no_load,none,"A1: Servo ON, shaft stationary",servo-app/lab-0.1
1781157338.1035075,35.65936303138733,A1_HOLDING_SERVO_ON,A1_HOLDING_SERVO_ON_R03_20260611_125501,delta-asda-b3-e,1616,VE|SOD|TR,1,0,-7097,0,-1,-0.00427,0,0.0,299,49,4270,2391,6000,,0,,,,holding,normal,0,no_load,none,"A1: Servo ON, shaft stationary",servo-app/lab-0.1
1781157338.2036507,35.75950622558594,A1_HOLDING_SERVO_ON,A1_HOLDING_SERVO_ON_R03_20260611_125501,delta-asda-b3-e,1616,VE|SOD|TR,1,0,-7097,0,0,0.0,0,0.0,299,49,4270,2391,6000,,0,,,,holding,normal,0,no_load,none,"A1: Servo ON, shaft stationary",servo-app/lab-0.1
1781157338.3039286,35.85978412628174,A1_HOLDING_SERVO_ON,A1_HOLDING_SERVO_ON_R03_20260611_125501,delta-asda-b3-e,1616,VE|SOD|TR,1,0,-7095,0,0,0.0,-1,-0.002391,300,49,4270,2391,6000,,0,,,,holding,normal,0,no_load,none,"A1: Servo ON, shaft stationary",servo-app/lab-0.1
1781157338.4045792,35.960434675216675,A1_HOLDING_SERVO_ON,A1_HOLDING_SERVO_ON_R03_20260611_125501,delta-asda-b3-e,1616,VE|SOD|TR,1,0,-7097,0,0,0.0,0,0.0,300,49,4270,2391,6000,,0,,,,holding,normal,0,no_load,none,"A1: Servo ON, shaft stationary",servo-app/lab-0.1
1781157338.5050125,36.06086802482605,A1_HOLDING_SERVO_ON,A1_HOLDING_SERVO_ON_R03_20260611_125501,delta-asda-b3-e,1616,VE|SOD|TR,1,0,-7101,0,0,0.0,0,0.0,300,49,4270,2391,6000,,0,,,,holding,normal,0,no_load,none,"A1: Servo ON, shaft stationary",servo-app/lab-0.1
1781157338.6052191,36.1610746383667,A1_HOLDING_SERVO_ON,A1_HOLDING_SERVO_ON_R03_20260611_125501,delta-asda-b3-e,1616,VE|SOD|TR,1,0,-7087,0,0,0.0,0,0.0,299,49,4270,2391,6000,,0,,,,holding,normal,0,no_load,none,"A1: Servo ON, shaft stationary",servo-app/lab-0.1
1781157338.7054346,36.261290073394775,A1_HOLDING_SERVO_ON,A1_HOLDING_SERVO_ON_R03_20260611_125501,delta-asda-b3-e,1616,VE|SOD|TR,1,0,-7095,0,-1,-0.00427,0,0.0,299,49,4270,2391,6000,,0,,,,holding,normal,0,no_load,none,"A1: Servo ON, shaft stationary",servo-app/lab-0.1
1781157338.8057494,36.36160492897034,A1_HOLDING_SERVO_ON,A1_HOLDING_SERVO_ON_R03_20260611_125501,delta-asda-b3-e,1616,VE|SOD|TR,1,0,-7101,0,0,0.0,-1,-0.002391,300,49,4270,2391,6000,,0,,,,holding,normal,0,no_load,none,"A1: Servo ON, shaft stationary",servo-app/lab-0.1
1781157338.9058769,36.461732387542725,A1_HOLDING_SERVO_ON,A1_HOLDING_SERVO_ON_R03_20260611_125501,delta-asda-b3-e,1616,VE|SOD|TR,1,0,-7095,0,0,0.0,0,0.0,300,49,4270,2391,6000,,0,,,,holding,normal,0,no_load,none,"A1: Servo ON, shaft stationary",servo-app/lab-0.1
1781157339.0062137,36.56206917762756,A1_HOLDING_SERVO_ON,A1_HOLDING_SERVO_ON_R03_20260611_125501,delta-asda-b3-e,1616,VE|SOD|TR,1,0,-7101,0,0,0.0,0,0.0,299,49,4270,2391,6000,,0,,,,holding,normal,0,no_load,none,"A1: Servo ON, shaft stationary",servo-app/lab-0.1
1781157339.1065524,36.662407875061035,A1_HOLDING_SERVO_ON,A1_HOLDING_SERVO_ON_R03_20260611_125501,delta-asda-b3-e,1616,VE|SOD|TR,1,0,-7101,0,-1,-0.00427,-1,-0.002391,299,49,4270,2391,6000,,0,,,,holding,normal,0,no_load,none,"A1: Servo ON, shaft stationary",servo-app/lab-0.1
1781157339.2066786,36.76253414154053,A1_HOLDING_SERVO_ON,A1_HOLDING_SERVO_ON_R03_20260611_125501,delta-asda-b3-e,1616,VE|SOD|TR,1,0,-7101,0,0,0.0,-1,-0.002391,299,49,4270,2391,6000,,0,,,,holding,normal,0,no_load,none,"A1: Servo ON, shaft stationary",servo-app/lab-0.1
1781157339.3069482,36.86280369758606,A1_HOLDING_SERVO_ON,A1_HOLDING_SERVO_ON_R03_20260611_125501,delta-asda-b3-e,1616,VE|SOD|TR,1,0,-7097,0,0,0.0,-1,-0.002391,299,49,4270,2391,6000,,0,,,,holding,normal,0,no_load,none,"A1: Servo ON, shaft stationary",servo-app/lab-0.1
1781157339.4070961,36.96295166015625,A1_HOLDING_SERVO_ON,A1_HOLDING_SERVO_ON_R03_20260611_125501,delta-asda-b3-e,1616,VE|SOD|TR,1,0,-7097,0,0,0.0,0,0.0,299,49,4270,2391,6000,,0,,,,holding,normal,0,no_load,none,"A1: Servo ON, shaft stationary",servo-app/lab-0.1
1781157339.5075405,37.063395977020264,A1_HOLDING_SERVO_ON,A1_HOLDING_SERVO_ON_R03_20260611_125501,delta-asda-b3-e,1616,VE|SOD|TR,1,0,-7101,0,-1,-0.00427,0,0.0,299,49,4270,2391,6000,,0,,,,holding,normal,0,no_load,none,"A1: Servo ON, shaft stationary",servo-app/lab-0.1
1781157339.607615,37.16347050666809,A1_HOLDING_SERVO_ON,A1_HOLDING_SERVO_ON_R03_20260611_125501,delta-asda-b3-e,1616,VE|SOD|TR,1,0,-7101,0,0,0.0,-1,-0.002391,299,49,4270,2391,6000,,0,,,,holding,normal,0,no_load,none,"A1: Servo ON, shaft stationary",servo-app/lab-0.1
1781157339.7082555,37.264111042022705,A1_HOLDING_SERVO_ON,A1_HOLDING_SERVO_ON_R03_20260611_125501,delta-asda-b3-e,1616,VE|SOD|TR,1,0,-7095,0,0,0.0,0,0.0,299,49,4270,2391,6000,,0,,,,holding,normal,0,no_load,none,"A1: Servo ON, shaft stationary",servo-app/lab-0.1
1781157339.8085675,37.36442303657532,A1_HOLDING_SERVO_ON,A1_HOLDING_SERVO_ON_R03_20260611_125501,delta-asda-b3-e,1616,VE|SOD|TR,1,0,-7097,0,0,0.0,0,0.0,299,49,4270,2391,6000,,0,,,,holding,normal,0,no_load,none,"A1: Servo ON, shaft stationary",servo-app/lab-0.1
1781157339.9088006,37.46465611457825,A1_HOLDING_SERVO_ON,A1_HOLDING_SERVO_ON_R03_20260611_125501,delta-asda-b3-e,1616,VE|SOD|TR,1,0,-7091,0,-1,-0.00427,0,0.0,299,49,4270,2391,6000,,0,,,,holding,normal,0,no_load,none,"A1: Servo ON, shaft stationary",servo-app/lab-0.1
1781157340.0096223,37.56547784805298,A1_HOLDING_SERVO_ON,A1_HOLDING_SERVO_ON_R03_20260611_125501,delta-asda-b3-e,1616,VE|SOD|TR,1,0,-7101,0,-1,-0.00427,0,0.0,299,49,4270,2391,6000,,0,,,,holding,normal,0,no_load,none,"A1: Servo ON, shaft stationary",servo-app/lab-0.1
1781157340.1099694,37.66582489013672,A1_HOLDING_SERVO_ON,A1_HOLDING_SERVO_ON_R03_20260611_125501,delta-asda-b3-e,1616,VE|SOD|TR,1,0,-7101,0,-1,-0.00427,0,0.0,299,49,4270,2391,6000,,0,,,,holding,normal,0,no_load,none,"A1: Servo ON, shaft stationary",servo-app/lab-0.1
1781157340.2101898,37.766045331954956,A1_HOLDING_SERVO_ON,A1_HOLDING_SERVO_ON_R03_20260611_125501,delta-asda-b3-e,1616,VE|SOD|TR,1,0,-7097,0,-1,-0.00427,-1,-0.002391,298,49,4270,2391,6000,,0,,,,holding,normal,0,no_load,none,"A1: Servo ON, shaft stationary",servo-app/lab-0.1
1781157340.310571,37.86642646789551,A1_HOLDING_SERVO_ON,A1_HOLDING_SERVO_ON_R03_20260611_125501,delta-asda-b3-e,1616,VE|SOD|TR,1,0,-7101,0,0,0.0,-1,-0.002391,299,49,4270,2391,6000,,0,,,,holding,normal,0,no_load,none,"A1: Servo ON, shaft stationary",servo-app/lab-0.1
1781157340.410856,37.96671152114868,A1_HOLDING_SERVO_ON,A1_HOLDING_SERVO_ON_R03_20260611_125501,delta-asda-b3-e,1616,VE|SOD|TR,1,0,-7097,0,0,0.0,-1,-0.002391,299,49,4270,2391,6000,,0,,,,holding,normal,0,no_load,none,"A1: Servo ON, shaft stationary",servo-app/lab-0.1
1781157340.5111835,38.067039012908936,A1_HOLDING_SERVO_ON,A1_HOLDING_SERVO_ON_R03_20260611_125501,delta-asda-b3-e,1616,VE|SOD|TR,1,0,-7101,0,-1,-0.00427,-1,-0.002391,298,49,4270,2391,6000,,0,,,,holding,normal,0,no_load,none,"A1: Servo ON, shaft stationary",servo-app/lab-0.1
1781157340.6115932,38.16744875907898,A1_HOLDING_SERVO_ON,A1_HOLDING_SERVO_ON_R03_20260611_125501,delta-asda-b3-e,1616,VE|SOD|TR,1,0,-7095,0,0,0.0,0,0.0,299,49,4270,2391,6000,,0,,,,holding,normal,0,no_load,none,"A1: Servo ON, shaft stationary",servo-app/lab-0.1
1781157340.711686,38.26754140853882,A1_HOLDING_SERVO_ON,A1_HOLDING_SERVO_ON_R03_20260611_125501,delta-asda-b3-e,1616,VE|SOD|TR,1,0,-7091,0,-1,-0.00427,-1,-0.002391,299,49,4270,2391,6000,,0,,,,holding,normal,0,no_load,none,"A1: Servo ON, shaft stationary",servo-app/lab-0.1
1781157340.8125272,38.368382692337036,A1_HOLDING_SERVO_ON,A1_HOLDING_SERVO_ON_R03_20260611_125501,delta-asda-b3-e,1616,VE|SOD|TR,1,0,-7101,0,-1,-0.00427,-1,-0.002391,299,49,4270,2391,6000,,0,,,,holding,normal,0,no_load,none,"A1: Servo ON, shaft stationary",servo-app/lab-0.1
1781157340.9130468,38.468902349472046,A1_HOLDING_SERVO_ON,A1_HOLDING_SERVO_ON_R03_20260611_125501,delta-asda-b3-e,1616,VE|SOD|TR,1,0,-7097,0,0,0.0,-1,-0.002391,299,49,4270,2391,6000,,0,,,,holding,normal,0,no_load,none,"A1: Servo ON, shaft stationary",servo-app/lab-0.1
1781157341.01344,38.56929540634155,A1_HOLDING_SERVO_ON,A1_HOLDING_SERVO_ON_R03_20260611_125501,delta-asda-b3-e,1616,VE|SOD|TR,1,0,-7101,0,-1,-0.00427,-1,-0.002391,298,49,4270,2391,6000,,0,,,,holding,normal,0,no_load,none,"A1: Servo ON, shaft stationary",servo-app/lab-0.1
1781157341.1137972,38.669652700424194,A1_HOLDING_SERVO_ON,A1_HOLDING_SERVO_ON_R03_20260611_125501,delta-asda-b3-e,1616,VE|SOD|TR,1,0,-7101,0,0,0.0,-1,-0.002391,298,49,4270,2391,6000,,0,,,,holding,normal,0,no_load,none,"A1: Servo ON, shaft stationary",servo-app/lab-0.1
1781157341.2140398,38.76989531517029,A1_HOLDING_SERVO_ON,A1_HOLDING_SERVO_ON_R03_20260611_125501,delta-asda-b3-e,1616,VE|SOD|TR,1,0,-7091,0,-1,-0.00427,0,0.0,299,49,4270,2391,6000,,0,,,,holding,normal,0,no_load,none,"A1: Servo ON, shaft stationary",servo-app/lab-0.1
1781157341.3143477,38.870203256607056,A1_HOLDING_SERVO_ON,A1_HOLDING_SERVO_ON_R03_20260611_125501,delta-asda-b3-e,1616,VE|SOD|TR,1,0,-7101,0,-1,-0.00427,0,0.0,298,49,4270,2391,6000,,0,,,,holding,normal,0,no_load,none,"A1: Servo ON, shaft stationary",servo-app/lab-0.1
1781157341.414801,38.970656394958496,A1_HOLDING_SERVO_ON,A1_HOLDING_SERVO_ON_R03_20260611_125501,delta-asda-b3-e,1616,VE|SOD|TR,1,0,-7101,0,-1,-0.00427,-1,-0.002391,299,49,4270,2391,6000,,0,,,,holding,normal,0,no_load,none,"A1: Servo ON, shaft stationary",servo-app/lab-0.1
1781157341.5150166,39.07087206840515,A1_HOLDING_SERVO_ON,A1_HOLDING_SERVO_ON_R03_20260611_125501,delta-asda-b3-e,1616,VE|SOD|TR,1,0,-7097,0,-1,-0.00427,-1,-0.002391,298,49,4270,2391,6000,,0,,,,holding,normal,0,no_load,none,"A1: Servo ON, shaft stationary",servo-app/lab-0.1
1781157341.615538,39.171393394470215,A1_HOLDING_SERVO_ON,A1_HOLDING_SERVO_ON_R03_20260611_125501,delta-asda-b3-e,1616,VE|SOD|TR,1,0,-7101,0,0,0.0,-1,-0.002391,299,49,4270,2391,6000,,0,,,,holding,normal,0,no_load,none,"A1: Servo ON, shaft stationary",servo-app/lab-0.1
1781157341.7158585,39.271713972091675,A1_HOLDING_SERVO_ON,A1_HOLDING_SERVO_ON_R03_20260611_125501,delta-asda-b3-e,1616,VE|SOD|TR,1,0,-7101,0,-1,-0.00427,-1,-0.002391,299,49,4270,2391,6000,,0,,,,holding,normal,0,no_load,none,"A1: Servo ON, shaft stationary",servo-app/lab-0.1
1781157341.8161912,39.37204670906067,A1_HOLDING_SERVO_ON,A1_HOLDING_SERVO_ON_R03_20260611_125501,delta-asda-b3-e,1616,VE|SOD|TR,1,0,-7101,0,-1,-0.00427,0,0.0,299,49,4270,2391,6000,,0,,,,holding,normal,0,no_load,none,"A1: Servo ON, shaft stationary",servo-app/lab-0.1
1781157341.9167068,39.472562313079834,A1_HOLDING_SERVO_ON,A1_HOLDING_SERVO_ON_R03_20260611_125501,delta-asda-b3-e,1616,VE|SOD|TR,1,0,-7101,0,-1,-0.00427,0,0.0,299,49,4270,2391,6000,,0,,,,holding,normal,0,no_load,none,"A1: Servo ON, shaft stationary",servo-app/lab-0.1
1781157342.0170994,39.57295489311218,A1_HOLDING_SERVO_ON,A1_HOLDING_SERVO_ON_R03_20260611_125501,delta-asda-b3-e,1616,VE|SOD|TR,1,0,-7101,0,0,0.0,0,0.0,299,49,4270,2391,6000,,0,,,,holding,normal,0,no_load,none,"A1: Servo ON, shaft stationary",servo-app/lab-0.1
1781157342.1174605,39.67331600189209,A1_HOLDING_SERVO_ON,A1_HOLDING_SERVO_ON_R03_20260611_125501,delta-asda-b3-e,1616,VE|SOD|TR,1,0,-7095,0,0,0.0,0,0.0,299,49,4270,2391,6000,,0,,,,holding,normal,0,no_load,none,"A1: Servo ON, shaft stationary",servo-app/lab-0.1
1781157342.2177007,39.77355623245239,A1_HOLDING_SERVO_ON,A1_HOLDING_SERVO_ON_R03_20260611_125501,delta-asda-b3-e,1616,VE|SOD|TR,1,0,-7101,0,-1,-0.00427,-1,-0.002391,299,49,4270,2391,6000,,0,,,,holding,normal,0,no_load,none,"A1: Servo ON, shaft stationary",servo-app/lab-0.1
1781157342.3181167,39.87397217750549,A1_HOLDING_SERVO_ON,A1_HOLDING_SERVO_ON_R03_20260611_125501,delta-asda-b3-e,1616,VE|SOD|TR,1,0,-7097,0,0,0.0,0,0.0,299,49,4270,2391,6000,,0,,,,holding,normal,0,no_load,none,"A1: Servo ON, shaft stationary",servo-app/lab-0.1
1781157342.418272,39.974127531051636,A1_HOLDING_SERVO_ON,A1_HOLDING_SERVO_ON_R03_20260611_125501,delta-asda-b3-e,1616,VE|SOD|TR,1,0,-7101,0,-1,-0.00427,-1,-0.002391,299,49,4270,2391,6000,,0,,,,holding,normal,0,no_load,none,"A1: Servo ON, shaft stationary",servo-app/lab-0.1
1781157342.518327,40.07418251037598,A1_HOLDING_SERVO_ON,A1_HOLDING_SERVO_ON_R03_20260611_125501,delta-asda-b3-e,1616,VE|SOD|TR,1,0,-7091,0,-1,-0.00427,-1,-0.002391,299,49,4270,2391,6000,,0,,,,holding,normal,0,no_load,none,"A1: Servo ON, shaft stationary",servo-app/lab-0.1
1781157342.618553,40.17440843582153,A1_HOLDING_SERVO_ON,A1_HOLDING_SERVO_ON_R03_20260611_125501,delta-asda-b3-e,1616,VE|SOD|TR,1,0,-7091,0,0,0.0,0,0.0,299,49,4270,2391,6000,,0,,,,holding,normal,0,no_load,none,"A1: Servo ON, shaft stationary",servo-app/lab-0.1
1781157342.7187972,40.27465271949768,A1_HOLDING_SERVO_ON,A1_HOLDING_SERVO_ON_R03_20260611_125501,delta-asda-b3-e,1616,VE|SOD|TR,1,0,-7101,0,0,0.0,0,0.0,299,49,4270,2391,6000,,0,,,,holding,normal,0,no_load,none,"A1: Servo ON, shaft stationary",servo-app/lab-0.1
1781157342.8190744,40.374929904937744,A1_HOLDING_SERVO_ON,A1_HOLDING_SERVO_ON_R03_20260611_125501,delta-asda-b3-e,1616,VE|SOD|TR,1,0,-7097,0,-1,-0.00427,0,0.0,299,49,4270,2391,6000,,0,,,,holding,normal,0,no_load,none,"A1: Servo ON, shaft stationary",servo-app/lab-0.1
1781157342.919585,40.47544050216675,A1_HOLDING_SERVO_ON,A1_HOLDING_SERVO_ON_R03_20260611_125501,delta-asda-b3-e,1616,VE|SOD|TR,1,0,-7101,0,-1,-0.00427,-1,-0.002391,299,49,4270,2391,6000,,0,,,,holding,normal,0,no_load,none,"A1: Servo ON, shaft stationary",servo-app/lab-0.1
1781157343.0200067,40.57586216926575,A1_HOLDING_SERVO_ON,A1_HOLDING_SERVO_ON_R03_20260611_125501,delta-asda-b3-e,1616,VE|SOD|TR,1,0,-7101,0,0,0.0,0,0.0,299,49,4270,2391,6000,,0,,,,holding,normal,0,no_load,none,"A1: Servo ON, shaft stationary",servo-app/lab-0.1
1781157343.1203954,40.67625093460083,A1_HOLDING_SERVO_ON,A1_HOLDING_SERVO_ON_R03_20260611_125501,delta-asda-b3-e,1616,VE|SOD|TR,1,0,-7097,0,-1,-0.00427,-1,-0.002391,299,49,4270,2391,6000,,0,,,,holding,normal,0,no_load,none,"A1: Servo ON, shaft stationary",servo-app/lab-0.1
1781157343.2206962,40.776551723480225,A1_HOLDING_SERVO_ON,A1_HOLDING_SERVO_ON_R03_20260611_125501,delta-asda-b3-e,1616,VE|SOD|TR,1,0,-7101,0,-1,-0.00427,0,0.0,299,49,4270,2391,6000,,0,,,,holding,normal,0,no_load,none,"A1: Servo ON, shaft stationary",servo-app/lab-0.1
1781157343.3212473,40.877102851867676,A1_HOLDING_SERVO_ON,A1_HOLDING_SERVO_ON_R03_20260611_125501,delta-asda-b3-e,1616,VE|SOD|TR,1,0,-7101,0,0,0.0,-1,-0.002391,299,49,4270,2391,6000,,0,,,,holding,normal,0,no_load,none,"A1: Servo ON, shaft stationary",servo-app/lab-0.1
1781157343.4215536,40.97740912437439,A1_HOLDING_SERVO_ON,A1_HOLDING_SERVO_ON_R03_20260611_125501,delta-asda-b3-e,1616,VE|SOD|TR,1,0,-7091,0,0,0.0,0,0.0,299,49,4270,2391,6000,,0,,,,holding,normal,0,no_load,none,"A1: Servo ON, shaft stationary",servo-app/lab-0.1
1781157343.52163,41.07748556137085,A1_HOLDING_SERVO_ON,A1_HOLDING_SERVO_ON_R03_20260611_125501,delta-asda-b3-e,1616,VE|SOD|TR,1,0,-7101,0,0,0.0,-1,-0.002391,299,49,4270,2391,6000,,0,,,,holding,normal,0,no_load,none,"A1: Servo ON, shaft stationary",servo-app/lab-0.1
1781157343.621925,41.177780628204346,A1_HOLDING_SERVO_ON,A1_HOLDING_SERVO_ON_R03_20260611_125501,delta-asda-b3-e,1616,VE|SOD|TR,1,0,-7101,0,0,0.0,-1,-0.002391,299,49,4270,2391,6000,,0,,,,holding,normal,0,no_load,none,"A1: Servo ON, shaft stationary",servo-app/lab-0.1
1781157343.722067,41.27792263031006,A1_HOLDING_SERVO_ON,A1_HOLDING_SERVO_ON_R03_20260611_125501,delta-asda-b3-e,1616,VE|SOD|TR,1,0,-7097,0,-1,-0.00427,-1,-0.002391,299,49,4270,2391,6000,,0,,,,holding,normal,0,no_load,none,"A1: Servo ON, shaft stationary",servo-app/lab-0.1
1781157343.8223975,41.37825298309326,A1_HOLDING_SERVO_ON,A1_HOLDING_SERVO_ON_R03_20260611_125501,delta-asda-b3-e,1616,VE|SOD|TR,1,0,-7101,0,-1,-0.00427,0,0.0,299,49,4270,2391,6000,,0,,,,holding,normal,0,no_load,none,"A1: Servo ON, shaft stationary",servo-app/lab-0.1
1781157343.922811,41.47866654396057,A1_HOLDING_SERVO_ON,A1_HOLDING_SERVO_ON_R03_20260611_125501,delta-asda-b3-e,1616,VE|SOD|TR,1,0,-7101,0,0,0.0,0,0.0,299,49,4270,2391,6000,,0,,,,holding,normal,0,no_load,none,"A1: Servo ON, shaft stationary",servo-app/lab-0.1
1781157344.0232954,41.579150915145874,A1_HOLDING_SERVO_ON,A1_HOLDING_SERVO_ON_R03_20260611_125501,delta-asda-b3-e,1616,VE|SOD|TR,1,0,-7097,0,0,0.0,-1,-0.002391,299,49,4270,2391,6000,,0,,,,holding,normal,0,no_load,none,"A1: Servo ON, shaft stationary",servo-app/lab-0.1
1781157344.1234002,41.67925572395325,A1_HOLDING_SERVO_ON,A1_HOLDING_SERVO_ON_R03_20260611_125501,delta-asda-b3-e,1616,VE|SOD|TR,1,0,-7091,0,0,0.0,0,0.0,299,49,4270,2391,6000,,0,,,,holding,normal,0,no_load,none,"A1: Servo ON, shaft stationary",servo-app/lab-0.1
1781157344.223655,41.779510498046875,A1_HOLDING_SERVO_ON,A1_HOLDING_SERVO_ON_R03_20260611_125501,delta-asda-b3-e,1616,VE|SOD|TR,1,0,-7101,0,-1,-0.00427,-1,-0.002391,299,49,4270,2391,6000,,0,,,,holding,normal,0,no_load,none,"A1: Servo ON, shaft stationary",servo-app/lab-0.1
1781157344.3241553,41.88001084327698,A1_HOLDING_SERVO_ON,A1_HOLDING_SERVO_ON_R03_20260611_125501,delta-asda-b3-e,1616,VE|SOD|TR,1,0,-7101,0,-1,-0.00427,0,0.0,299,49,4270,2391,6000,,0,,,,holding,normal,0,no_load,none,"A1: Servo ON, shaft stationary",servo-app/lab-0.1
1781157344.4242933,41.980148792266846,A1_HOLDING_SERVO_ON,A1_HOLDING_SERVO_ON_R03_20260611_125501,delta-asda-b3-e,1616,VE|SOD|TR,1,0,-7101,0,-1,-0.00427,0,0.0,299,49,4270,2391,6000,,0,,,,holding,normal,0,no_load,none,"A1: Servo ON, shaft stationary",servo-app/lab-0.1
1781157344.524852,42.08070755004883,A1_HOLDING_SERVO_ON,A1_HOLDING_SERVO_ON_R03_20260611_125501,delta-asda-b3-e,1616,VE|SOD|TR,1,0,-7097,0,-1,-0.00427,0,0.0,299,49,4270,2391,6000,,0,,,,holding,normal,0,no_load,none,"A1: Servo ON, shaft stationary",servo-app/lab-0.1
1781157344.6250916,42.180947065353394,A1_HOLDING_SERVO_ON,A1_HOLDING_SERVO_ON_R03_20260611_125501,delta-asda-b3-e,1616,VE|SOD|TR,1,0,-7097,0,-1,-0.00427,-1,-0.002391,299,49,4270,2391,6000,,0,,,,holding,normal,0,no_load,none,"A1: Servo ON, shaft stationary",servo-app/lab-0.1
1781157344.7252662,42.28112173080444,A1_HOLDING_SERVO_ON,A1_HOLDING_SERVO_ON_R03_20260611_125501,delta-asda-b3-e,1616,VE|SOD|TR,1,0,-7101,0,0,0.0,0,0.0,299,49,4270,2391,6000,,0,,,,holding,normal,0,no_load,none,"A1: Servo ON, shaft stationary",servo-app/lab-0.1
1781157344.8260758,42.38193130493164,A1_HOLDING_SERVO_ON,A1_HOLDING_SERVO_ON_R03_20260611_125501,delta-asda-b3-e,1616,VE|SOD|TR,1,0,-7095,0,0,0.0,0,0.0,298,49,4270,2391,6000,,0,,,,holding,normal,0,no_load,none,"A1: Servo ON, shaft stationary",servo-app/lab-0.1
1781157344.9263935,42.48224902153015,A1_HOLDING_SERVO_ON,A1_HOLDING_SERVO_ON_R03_20260611_125501,delta-asda-b3-e,1616,VE|SOD|TR,1,0,-7095,0,0,0.0,-1,-0.002391,299,49,4270,2391,6000,,0,,,,holding,normal,0,no_load,none,"A1: Servo ON, shaft stationary",servo-app/lab-0.1
1781157345.0264876,42.582343101501465,A1_HOLDING_SERVO_ON,A1_HOLDING_SERVO_ON_R03_20260611_125501,delta-asda-b3-e,1616,VE|SOD|TR,1,0,-7101,0,-1,-0.00427,0,0.0,298,49,4270,2391,6000,,0,,,,holding,normal,0,no_load,none,"A1: Servo ON, shaft stationary",servo-app/lab-0.1
1781157345.1269064,42.682761907577515,A1_HOLDING_SERVO_ON,A1_HOLDING_SERVO_ON_R03_20260611_125501,delta-asda-b3-e,1616,VE|SOD|TR,1,0,-7101,0,-1,-0.00427,-1,-0.002391,299,49,4270,2391,6000,,0,,,,holding,normal,0,no_load,none,"A1: Servo ON, shaft stationary",servo-app/lab-0.1
1781157345.2270336,42.78288912773132,A1_HOLDING_SERVO_ON,A1_HOLDING_SERVO_ON_R03_20260611_125501,delta-asda-b3-e,1616,VE|SOD|TR,1,0,-7097,0,0,0.0,-1,-0.002391,299,49,4270,2391,6000,,0,,,,holding,normal,0,no_load,none,"A1: Servo ON, shaft stationary",servo-app/lab-0.1
1781157345.3272228,42.8830783367157,A1_HOLDING_SERVO_ON,A1_HOLDING_SERVO_ON_R03_20260611_125501,delta-asda-b3-e,1616,VE|SOD|TR,1,0,-7097,0,0,0.0,0,0.0,298,49,4270,2391,6000,,0,,,,holding,normal,0,no_load,none,"A1: Servo ON, shaft stationary",servo-app/lab-0.1
1781157345.427423,42.98327851295471,A1_HOLDING_SERVO_ON,A1_HOLDING_SERVO_ON_R03_20260611_125501,delta-asda-b3-e,1616,VE|SOD|TR,1,0,-7101,0,-1,-0.00427,-1,-0.002391,298,49,4270,2391,6000,,0,,,,holding,normal,0,no_load,none,"A1: Servo ON, shaft stationary",servo-app/lab-0.1
1781157345.5275702,43.083425760269165,A1_HOLDING_SERVO_ON,A1_HOLDING_SERVO_ON_R03_20260611_125501,delta-asda-b3-e,1616,VE|SOD|TR,1,0,-7097,0,0,0.0,-1,-0.002391,299,49,4270,2391,6000,,0,,,,holding,normal,0,no_load,none,"A1: Servo ON, shaft stationary",servo-app/lab-0.1
1781157345.627996,43.18385148048401,A1_HOLDING_SERVO_ON,A1_HOLDING_SERVO_ON_R03_20260611_125501,delta-asda-b3-e,1616,VE|SOD|TR,1,0,-7101,0,0,0.0,-1,-0.002391,298,49,4270,2391,6000,,0,,,,holding,normal,0,no_load,none,"A1: Servo ON, shaft stationary",servo-app/lab-0.1
1781157345.7281523,43.28400778770447,A1_HOLDING_SERVO_ON,A1_HOLDING_SERVO_ON_R03_20260611_125501,delta-asda-b3-e,1616,VE|SOD|TR,1,0,-7097,0,-1,-0.00427,-1,-0.002391,298,49,4270,2391,6000,,0,,,,holding,normal,0,no_load,none,"A1: Servo ON, shaft stationary",servo-app/lab-0.1
1781157345.8284404,43.38429594039917,A1_HOLDING_SERVO_ON,A1_HOLDING_SERVO_ON_R03_20260611_125501,delta-asda-b3-e,1616,VE|SOD|TR,1,0,-7087,0,0,0.0,-1,-0.002391,299,49,4270,2391,6000,,0,,,,holding,normal,0,no_load,none,"A1: Servo ON, shaft stationary",servo-app/lab-0.1
1781157345.928755,43.48461055755615,A1_HOLDING_SERVO_ON,A1_HOLDING_SERVO_ON_R03_20260611_125501,delta-asda-b3-e,1616,VE|SOD|TR,1,0,-7101,0,0,0.0,0,0.0,299,49,4270,2391,6000,,0,,,,holding,normal,0,no_load,none,"A1: Servo ON, shaft stationary",servo-app/lab-0.1
1781157346.0293083,43.585163831710815,A1_HOLDING_SERVO_ON,A1_HOLDING_SERVO_ON_R03_20260611_125501,delta-asda-b3-e,1616,VE|SOD|TR,1,0,-7101,0,0,0.0,-1,-0.002391,298,49,4270,2391,6000,,0,,,,holding,normal,0,no_load,none,"A1: Servo ON, shaft stationary",servo-app/lab-0.1
1781157346.1297421,43.68559765815735,A1_HOLDING_SERVO_ON,A1_HOLDING_SERVO_ON_R03_20260611_125501,delta-asda-b3-e,1616,VE|SOD|TR,1,0,-7097,0,-1,-0.00427,0,0.0,299,49,4270,2391,6000,,0,,,,holding,normal,0,no_load,none,"A1: Servo ON, shaft stationary",servo-app/lab-0.1
1781157346.2299688,43.78582429885864,A1_HOLDING_SERVO_ON,A1_HOLDING_SERVO_ON_R03_20260611_125501,delta-asda-b3-e,1616,VE|SOD|TR,1,0,-7101,0,0,0.0,0,0.0,299,49,4270,2391,6000,,0,,,,holding,normal,0,no_load,none,"A1: Servo ON, shaft stationary",servo-app/lab-0.1
1781157346.330345,43.88620042800903,A1_HOLDING_SERVO_ON,A1_HOLDING_SERVO_ON_R03_20260611_125501,delta-asda-b3-e,1616,VE|SOD|TR,1,0,-7101,0,0,0.0,-1,-0.002391,298,49,4270,2391,6000,,0,,,,holding,normal,0,no_load,none,"A1: Servo ON, shaft stationary",servo-app/lab-0.1
1781157346.4306557,43.98651123046875,A1_HOLDING_SERVO_ON,A1_HOLDING_SERVO_ON_R03_20260611_125501,delta-asda-b3-e,1616,VE|SOD|TR,1,0,-7097,0,0,0.0,-1,-0.002391,299,49,4270,2391,6000,,0,,,,holding,normal,0,no_load,none,"A1: Servo ON, shaft stationary",servo-app/lab-0.1
1781157346.530931,44.08678650856018,A1_HOLDING_SERVO_ON,A1_HOLDING_SERVO_ON_R03_20260611_125501,delta-asda-b3-e,1616,VE|SOD|TR,1,0,-7101,0,0,0.0,-1,-0.002391,299,49,4270,2391,6000,,0,,,,holding,normal,0,no_load,none,"A1: Servo ON, shaft stationary",servo-app/lab-0.1
1781157346.6311243,44.1869797706604,A1_HOLDING_SERVO_ON,A1_HOLDING_SERVO_ON_R03_20260611_125501,delta-asda-b3-e,1616,VE|SOD|TR,1,0,-7095,0,0,0.0,0,0.0,298,49,4270,2391,6000,,0,,,,holding,normal,0,no_load,none,"A1: Servo ON, shaft stationary",servo-app/lab-0.1
1781157346.7317064,44.287561893463135,A1_HOLDING_SERVO_ON,A1_HOLDING_SERVO_ON_R03_20260611_125501,delta-asda-b3-e,1616,VE|SOD|TR,1,0,-7101,0,-1,-0.00427,0,0.0,299,49,4270,2391,6000,,0,,,,holding,normal,0,no_load,none,"A1: Servo ON, shaft stationary",servo-app/lab-0.1
1781157346.8319564,44.38781189918518,A1_HOLDING_SERVO_ON,A1_HOLDING_SERVO_ON_R03_20260611_125501,delta-asda-b3-e,1616,VE|SOD|TR,1,0,-7101,0,0,0.0,0,0.0,299,49,4270,2391,6000,,0,,,,holding,normal,0,no_load,none,"A1: Servo ON, shaft stationary",servo-app/lab-0.1
1781157346.9326103,44.488465785980225,A1_HOLDING_SERVO_ON,A1_HOLDING_SERVO_ON_R03_20260611_125501,delta-asda-b3-e,1616,VE|SOD|TR,1,0,-7101,0,-1,-0.00427,0,0.0,299,49,4270,2391,6000,,0,,,,holding,normal,0,no_load,none,"A1: Servo ON, shaft stationary",servo-app/lab-0.1
1781157347.0327256,44.58858108520508,A1_HOLDING_SERVO_ON,A1_HOLDING_SERVO_ON_R03_20260611_125501,delta-asda-b3-e,1616,VE|SOD|TR,1,0,-7101,0,0,0.0,0,0.0,299,49,4270,2391,6000,,0,,,,holding,normal,0,no_load,none,"A1: Servo ON, shaft stationary",servo-app/lab-0.1
1781157347.1328511,44.68870663642883,A1_HOLDING_SERVO_ON,A1_HOLDING_SERVO_ON_R03_20260611_125501,delta-asda-b3-e,1616,VE|SOD|TR,1,0,-7087,0,0,0.0,0,0.0,299,49,4270,2391,6000,,0,,,,holding,normal,0,no_load,none,"A1: Servo ON, shaft stationary",servo-app/lab-0.1
1781157347.233212,44.78906750679016,A1_HOLDING_SERVO_ON,A1_HOLDING_SERVO_ON_R03_20260611_125501,delta-asda-b3-e,1616,VE|SOD|TR,1,0,-7101,0,-1,-0.00427,0,0.0,298,49,4270,2391,6000,,0,,,,holding,normal,0,no_load,none,"A1: Servo ON, shaft stationary",servo-app/lab-0.1
1781157347.333379,44.88923454284668,A1_HOLDING_SERVO_ON,A1_HOLDING_SERVO_ON_R03_20260611_125501,delta-asda-b3-e,1616,VE|SOD|TR,1,0,-7101,0,-1,-0.00427,0,0.0,298,49,4270,2391,6000,,0,,,,holding,normal,0,no_load,none,"A1: Servo ON, shaft stationary",servo-app/lab-0.1
1781157347.433474,44.98932957649231,A1_HOLDING_SERVO_ON,A1_HOLDING_SERVO_ON_R03_20260611_125501,delta-asda-b3-e,1616,VE|SOD|TR,1,0,-7097,0,0,0.0,-1,-0.002391,299,49,4270,2391,6000,,0,,,,holding,normal,0,no_load,none,"A1: Servo ON, shaft stationary",servo-app/lab-0.1
1781157347.533568,45.089423418045044,A1_HOLDING_SERVO_ON,A1_HOLDING_SERVO_ON_R03_20260611_125501,delta-asda-b3-e,1616,VE|SOD|TR,1,0,-7101,0,0,0.0,0,0.0,299,49,4270,2391,6000,,0,,,,holding,normal,0,no_load,none,"A1: Servo ON, shaft stationary",servo-app/lab-0.1
1781157347.6338735,45.18972897529602,A1_HOLDING_SERVO_ON,A1_HOLDING_SERVO_ON_R03_20260611_125501,delta-asda-b3-e,1616,VE|SOD|TR,1,0,-7095,0,0,0.0,-1,-0.002391,298,49,4270,2391,6000,,0,,,,holding,normal,0,no_load,none,"A1: Servo ON, shaft stationary",servo-app/lab-0.1
1781157347.7340672,45.2899227142334,A1_HOLDING_SERVO_ON,A1_HOLDING_SERVO_ON_R03_20260611_125501,delta-asda-b3-e,1616,VE|SOD|TR,1,0,-7101,0,0,0.0,-1,-0.002391,299,49,4270,2391,6000,,0,,,,holding,normal,0,no_load,none,"A1: Servo ON, shaft stationary",servo-app/lab-0.1
1781157347.8342023,45.39005780220032,A1_HOLDING_SERVO_ON,A1_HOLDING_SERVO_ON_R03_20260611_125501,delta-asda-b3-e,1616,VE|SOD|TR,1,0,-7101,0,0,0.0,0,0.0,299,49,4270,2391,6000,,0,,,,holding,normal,0,no_load,none,"A1: Servo ON, shaft stationary",servo-app/lab-0.1
1781157347.9343464,45.49020195007324,A1_HOLDING_SERVO_ON,A1_HOLDING_SERVO_ON_R03_20260611_125501,delta-asda-b3-e,1616,VE|SOD|TR,1,0,-7101,0,-1,-0.00427,0,0.0,299,49,4270,2391,6000,,0,,,,holding,normal,0,no_load,none,"A1: Servo ON, shaft stationary",servo-app/lab-0.1
1781157348.0349982,45.590853691101074,A1_HOLDING_SERVO_ON,A1_HOLDING_SERVO_ON_R03_20260611_125501,delta-asda-b3-e,1616,VE|SOD|TR,1,0,-7091,0,0,0.0,0,0.0,298,49,4270,2391,6000,,0,,,,holding,normal,0,no_load,none,"A1: Servo ON, shaft stationary",servo-app/lab-0.1
1781157348.1351995,45.69105505943298,A1_HOLDING_SERVO_ON,A1_HOLDING_SERVO_ON_R03_20260611_125501,delta-asda-b3-e,1616,VE|SOD|TR,1,0,-7097,0,0,0.0,0,0.0,299,49,4270,2391,6000,,0,,,,holding,normal,0,no_load,none,"A1: Servo ON, shaft stationary",servo-app/lab-0.1
1781157348.2354834,45.79133892059326,A1_HOLDING_SERVO_ON,A1_HOLDING_SERVO_ON_R03_20260611_125501,delta-asda-b3-e,1616,VE|SOD|TR,1,0,-7101,0,-1,-0.00427,-1,-0.002391,299,49,4270,2391,6000,,0,,,,holding,normal,0,no_load,none,"A1: Servo ON, shaft stationary",servo-app/lab-0.1
1781157348.336019,45.89187455177307,A1_HOLDING_SERVO_ON,A1_HOLDING_SERVO_ON_R03_20260611_125501,delta-asda-b3-e,1616,VE|SOD|TR,1,0,-7101,0,-1,-0.00427,-1,-0.002391,299,49,4270,2391,6000,,0,,,,holding,normal,0,no_load,none,"A1: Servo ON, shaft stationary",servo-app/lab-0.1
1781157348.4367373,45.99259281158447,A1_HOLDING_SERVO_ON,A1_HOLDING_SERVO_ON_R03_20260611_125501,delta-asda-b3-e,1616,VE|SOD|TR,1,0,-7105,0,-1,-0.00427,-1,-0.002391,299,49,4270,2391,6000,,0,,,,holding,normal,0,no_load,none,"A1: Servo ON, shaft stationary",servo-app/lab-0.1
1781157348.5367987,46.09265422821045,A1_HOLDING_SERVO_ON,A1_HOLDING_SERVO_ON_R03_20260611_125501,delta-asda-b3-e,1616,VE|SOD|TR,1,0,-7101,0,-1,-0.00427,-1,-0.002391,299,49,4270,2391,6000,,0,,,,holding,normal,0,no_load,none,"A1: Servo ON, shaft stationary",servo-app/lab-0.1
1781157348.6374786,46.193334102630615,A1_HOLDING_SERVO_ON,A1_HOLDING_SERVO_ON_R03_20260611_125501,delta-asda-b3-e,1616,VE|SOD|TR,1,0,-7101,0,-1,-0.00427,-1,-0.002391,299,49,4270,2391,6000,,0,,,,holding,normal,0,no_load,none,"A1: Servo ON, shaft stationary",servo-app/lab-0.1
1781157348.7385654,46.29442095756531,A1_HOLDING_SERVO_ON,A1_HOLDING_SERVO_ON_R03_20260611_125501,delta-asda-b3-e,1616,VE|SOD|TR,1,0,-7101,0,-1,-0.00427,-1,-0.002391,299,49,4270,2391,6000,,0,,,,holding,normal,0,no_load,none,"A1: Servo ON, shaft stationary",servo-app/lab-0.1
1781157348.8391137,46.39496922492981,A1_HOLDING_SERVO_ON,A1_HOLDING_SERVO_ON_R03_20260611_125501,delta-asda-b3-e,1616,VE|SOD|TR,1,0,-7101,0,0,0.0,0,0.0,299,49,4270,2391,6000,,0,,,,holding,normal,0,no_load,none,"A1: Servo ON, shaft stationary",servo-app/lab-0.1
1781157348.9396615,46.49551701545715,A1_HOLDING_SERVO_ON,A1_HOLDING_SERVO_ON_R03_20260611_125501,delta-asda-b3-e,1616,VE|SOD|TR,1,0,-7101,0,0,0.0,0,0.0,299,49,4270,2391,6000,,0,,,,holding,normal,0,no_load,none,"A1: Servo ON, shaft stationary",servo-app/lab-0.1
1781157349.0401506,46.59600615501404,A1_HOLDING_SERVO_ON,A1_HOLDING_SERVO_ON_R03_20260611_125501,delta-asda-b3-e,1616,VE|SOD|TR,1,0,-7095,0,0,0.0,0,0.0,299,49,4270,2391,6000,,0,,,,holding,normal,0,no_load,none,"A1: Servo ON, shaft stationary",servo-app/lab-0.1
1781157349.1409268,46.69678235054016,A1_HOLDING_SERVO_ON,A1_HOLDING_SERVO_ON_R03_20260611_125501,delta-asda-b3-e,1616,VE|SOD|TR,1,0,-7095,0,-1,-0.00427,0,0.0,299,49,4270,2391,6000,,0,,,,holding,normal,0,no_load,none,"A1: Servo ON, shaft stationary",servo-app/lab-0.1
1781157349.2412915,46.797147035598755,A1_HOLDING_SERVO_ON,A1_HOLDING_SERVO_ON_R03_20260611_125501,delta-asda-b3-e,1616,VE|SOD|TR,1,0,-7101,0,0,0.0,-1,-0.002391,299,49,4270,2391,6000,,0,,,,holding,normal,0,no_load,none,"A1: Servo ON, shaft stationary",servo-app/lab-0.1
1781157349.3415005,46.897356033325195,A1_HOLDING_SERVO_ON,A1_HOLDING_SERVO_ON_R03_20260611_125501,delta-asda-b3-e,1616,VE|SOD|TR,1,0,-7101,0,0,0.0,0,0.0,298,49,4270,2391,6000,,0,,,,holding,normal,0,no_load,none,"A1: Servo ON, shaft stationary",servo-app/lab-0.1
1781157349.441882,46.997737407684326,A1_HOLDING_SERVO_ON,A1_HOLDING_SERVO_ON_R03_20260611_125501,delta-asda-b3-e,1616,VE|SOD|TR,1,0,-7101,0,-1,-0.00427,0,0.0,299,49,4270,2391,6000,,0,,,,holding,normal,0,no_load,none,"A1: Servo ON, shaft stationary",servo-app/lab-0.1
1781157349.5421352,47.09799075126648,A1_HOLDING_SERVO_ON,A1_HOLDING_SERVO_ON_R03_20260611_125501,delta-asda-b3-e,1616,VE|SOD|TR,1,0,-7101,0,0,0.0,0,0.0,299,49,4270,2391,6000,,0,,,,holding,normal,0,no_load,none,"A1: Servo ON, shaft stationary",servo-app/lab-0.1
1781157349.6424327,47.19828820228577,A1_HOLDING_SERVO_ON,A1_HOLDING_SERVO_ON_R03_20260611_125501,delta-asda-b3-e,1616,VE|SOD|TR,1,0,-7101,0,0,0.0,0,0.0,299,49,4270,2391,6000,,0,,,,holding,normal,0,no_load,none,"A1: Servo ON, shaft stationary",servo-app/lab-0.1
1781157349.7431648,47.299020290374756,A1_HOLDING_SERVO_ON,A1_HOLDING_SERVO_ON_R03_20260611_125501,delta-asda-b3-e,1616,VE|SOD|TR,1,0,-7097,0,-1,-0.00427,0,0.0,299,49,4270,2391,6000,,0,,,,holding,normal,0,no_load,none,"A1: Servo ON, shaft stationary",servo-app/lab-0.1
1781157349.843661,47.399516582489014,A1_HOLDING_SERVO_ON,A1_HOLDING_SERVO_ON_R03_20260611_125501,delta-asda-b3-e,1616,VE|SOD|TR,1,0,-7101,0,0,0.0,-1,-0.002391,298,49,4270,2391,6000,,0,,,,holding,normal,0,no_load,none,"A1: Servo ON, shaft stationary",servo-app/lab-0.1
1781157349.9442327,47.50008821487427,A1_HOLDING_SERVO_ON,A1_HOLDING_SERVO_ON_R03_20260611_125501,delta-asda-b3-e,1616,VE|SOD|TR,1,0,-7097,0,0,0.0,0,0.0,298,49,4270,2391,6000,,0,,,,holding,normal,0,no_load,none,"A1: Servo ON, shaft stationary",servo-app/lab-0.1
1781157350.0446062,47.60046172142029,A1_HOLDING_SERVO_ON,A1_HOLDING_SERVO_ON_R03_20260611_125501,delta-asda-b3-e,1616,VE|SOD|TR,1,0,-7101,0,-1,-0.00427,-1,-0.002391,298,49,4270,2391,6000,,0,,,,holding,normal,0,no_load,none,"A1: Servo ON, shaft stationary",servo-app/lab-0.1
1781157350.145198,47.701053619384766,A1_HOLDING_SERVO_ON,A1_HOLDING_SERVO_ON_R03_20260611_125501,delta-asda-b3-e,1616,VE|SOD|TR,1,0,-7101,0,0,0.0,0,0.0,298,49,4270,2391,6000,,0,,,,holding,normal,0,no_load,none,"A1: Servo ON, shaft stationary",servo-app/lab-0.1
1781157350.2462094,47.80206489562988,A1_HOLDING_SERVO_ON,A1_HOLDING_SERVO_ON_R03_20260611_125501,delta-asda-b3-e,1616,VE|SOD|TR,1,0,-7095,0,-1,-0.00427,-1,-0.002391,298,49,4270,2391,6000,,0,,,,holding,normal,0,no_load,none,"A1: Servo ON, shaft stationary",servo-app/lab-0.1
1781157350.3466105,47.90246605873108,A1_HOLDING_SERVO_ON,A1_HOLDING_SERVO_ON_R03_20260611_125501,delta-asda-b3-e,1616,VE|SOD|TR,1,0,-7101,0,-1,-0.00427,-1,-0.002391,298,49,4270,2391,6000,,0,,,,holding,normal,0,no_load,none,"A1: Servo ON, shaft stationary",servo-app/lab-0.1
1781157350.4466755,48.00253105163574,A1_HOLDING_SERVO_ON,A1_HOLDING_SERVO_ON_R03_20260611_125501,delta-asda-b3-e,1616,VE|SOD|TR,1,0,-7101,0,0,0.0,0,0.0,298,49,4270,2391,6000,,0,,,,holding,normal,0,no_load,none,"A1: Servo ON, shaft stationary",servo-app/lab-0.1
1781157350.546917,48.10277247428894,A1_HOLDING_SERVO_ON,A1_HOLDING_SERVO_ON_R03_20260611_125501,delta-asda-b3-e,1616,VE|SOD|TR,1,0,-7101,0,-1,-0.00427,0,0.0,298,49,4270,2391,6000,,0,,,,holding,normal,0,no_load,none,"A1: Servo ON, shaft stationary",servo-app/lab-0.1
1781157350.6472063,48.20306181907654,A1_HOLDING_SERVO_ON,A1_HOLDING_SERVO_ON_R03_20260611_125501,delta-asda-b3-e,1616,VE|SOD|TR,1,0,-7101,0,0,0.0,-1,-0.002391,298,49,4270,2391,6000,,0,,,,holding,normal,0,no_load,none,"A1: Servo ON, shaft stationary",servo-app/lab-0.1
1781157350.7475746,48.30343008041382,A1_HOLDING_SERVO_ON,A1_HOLDING_SERVO_ON_R03_20260611_125501,delta-asda-b3-e,1616,VE|SOD|TR,1,0,-7101,0,-1,-0.00427,0,0.0,299,49,4270,2391,6000,,0,,,,holding,normal,0,no_load,none,"A1: Servo ON, shaft stationary",servo-app/lab-0.1
1781157350.8480856,48.40394115447998,A1_HOLDING_SERVO_ON,A1_HOLDING_SERVO_ON_R03_20260611_125501,delta-asda-b3-e,1616,VE|SOD|TR,1,0,-7097,0,-1,-0.00427,-1,-0.002391,299,49,4270,2391,6000,,0,,,,holding,normal,0,no_load,none,"A1: Servo ON, shaft stationary",servo-app/lab-0.1
1781157350.948584,48.50443959236145,A1_HOLDING_SERVO_ON,A1_HOLDING_SERVO_ON_R03_20260611_125501,delta-asda-b3-e,1616,VE|SOD|TR,1,0,-7101,0,0,0.0,0,0.0,298,49,4270,2391,6000,,0,,,,holding,normal,0,no_load,none,"A1: Servo ON, shaft stationary",servo-app/lab-0.1
1781157351.0489407,48.604796171188354,A1_HOLDING_SERVO_ON,A1_HOLDING_SERVO_ON_R03_20260611_125501,delta-asda-b3-e,1616,VE|SOD|TR,1,0,-7101,0,0,0.0,0,0.0,298,49,4270,2391,6000,,0,,,,holding,normal,0,no_load,none,"A1: Servo ON, shaft stationary",servo-app/lab-0.1
1781157351.149631,48.705486536026,A1_HOLDING_SERVO_ON,A1_HOLDING_SERVO_ON_R03_20260611_125501,delta-asda-b3-e,1616,VE|SOD|TR,1,0,-7095,0,0,0.0,0,0.0,298,49,4270,2391,6000,,0,,,,holding,normal,0,no_load,none,"A1: Servo ON, shaft stationary",servo-app/lab-0.1
1781157351.2499835,48.80583906173706,A1_HOLDING_SERVO_ON,A1_HOLDING_SERVO_ON_R03_20260611_125501,delta-asda-b3-e,1616,VE|SOD|TR,1,0,-7101,0,-1,-0.00427,-1,-0.002391,298,49,4270,2391,6000,,0,,,,holding,normal,0,no_load,none,"A1: Servo ON, shaft stationary",servo-app/lab-0.1
1781157351.350677,48.906532526016235,A1_HOLDING_SERVO_ON,A1_HOLDING_SERVO_ON_R03_20260611_125501,delta-asda-b3-e,1616,VE|SOD|TR,1,0,-7101,0,-1,-0.00427,0,0.0,298,49,4270,2391,6000,,0,,,,holding,normal,0,no_load,none,"A1: Servo ON, shaft stationary",servo-app/lab-0.1
1781157351.4514349,49.00729036331177,A1_HOLDING_SERVO_ON,A1_HOLDING_SERVO_ON_R03_20260611_125501,delta-asda-b3-e,1616,VE|SOD|TR,1,0,-7101,0,0,0.0,-1,-0.002391,299,49,4270,2391,6000,,0,,,,holding,normal,0,no_load,none,"A1: Servo ON, shaft stationary",servo-app/lab-0.1
1781157351.5517411,49.10759663581848,A1_HOLDING_SERVO_ON,A1_HOLDING_SERVO_ON_R03_20260611_125501,delta-asda-b3-e,1616,VE|SOD|TR,1,0,-7101,0,0,0.0,-1,-0.002391,298,49,4270,2391,6000,,0,,,,holding,normal,0,no_load,none,"A1: Servo ON, shaft stationary",servo-app/lab-0.1
1781157351.6520245,49.2078800201416,A1_HOLDING_SERVO_ON,A1_HOLDING_SERVO_ON_R03_20260611_125501,delta-asda-b3-e,1616,VE|SOD|TR,1,0,-7097,0,0,0.0,0,0.0,298,49,4270,2391,6000,,0,,,,holding,normal,0,no_load,none,"A1: Servo ON, shaft stationary",servo-app/lab-0.1
1781157351.75216,49.30801558494568,A1_HOLDING_SERVO_ON,A1_HOLDING_SERVO_ON_R03_20260611_125501,delta-asda-b3-e,1616,VE|SOD|TR,1,0,-7101,0,-1,-0.00427,-1,-0.002391,298,49,4270,2391,6000,,0,,,,holding,normal,0,no_load,none,"A1: Servo ON, shaft stationary",servo-app/lab-0.1
1781157351.8523853,49.4082407951355,A1_HOLDING_SERVO_ON,A1_HOLDING_SERVO_ON_R03_20260611_125501,delta-asda-b3-e,1616,VE|SOD|TR,1,0,-7101,0,0,0.0,-1,-0.002391,298,49,4270,2391,6000,,0,,,,holding,normal,0,no_load,none,"A1: Servo ON, shaft stationary",servo-app/lab-0.1
1781157351.953113,49.50896859169006,A1_HOLDING_SERVO_ON,A1_HOLDING_SERVO_ON_R03_20260611_125501,delta-asda-b3-e,1616,VE|SOD|TR,1,0,-7101,0,-1,-0.00427,0,0.0,298,49,4270,2391,6000,,0,,,,holding,normal,0,no_load,none,"A1: Servo ON, shaft stationary",servo-app/lab-0.1
1781157352.053217,49.60907244682312,A1_HOLDING_SERVO_ON,A1_HOLDING_SERVO_ON_R03_20260611_125501,delta-asda-b3-e,1616,VE|SOD|TR,1,0,-7101,0,-1,-0.00427,0,0.0,298,49,4270,2391,6000,,0,,,,holding,normal,0,no_load,none,"A1: Servo ON, shaft stationary",servo-app/lab-0.1
1781157352.1534495,49.70930504798889,A1_HOLDING_SERVO_ON,A1_HOLDING_SERVO_ON_R03_20260611_125501,delta-asda-b3-e,1616,VE|SOD|TR,1,0,-7101,0,0,0.0,0,0.0,299,49,4270,2391,6000,,0,,,,holding,normal,0,no_load,none,"A1: Servo ON, shaft stationary",servo-app/lab-0.1
1781157352.2537348,49.809590339660645,A1_HOLDING_SERVO_ON,A1_HOLDING_SERVO_ON_R03_20260611_125501,delta-asda-b3-e,1616,VE|SOD|TR,1,0,-7095,0,0,0.0,0,0.0,298,49,4270,2391,6000,,0,,,,holding,normal,0,no_load,none,"A1: Servo ON, shaft stationary",servo-app/lab-0.1
1781157352.354212,49.910067558288574,A1_HOLDING_SERVO_ON,A1_HOLDING_SERVO_ON_R03_20260611_125501,delta-asda-b3-e,1616,VE|SOD|TR,1,0,-7097,0,-1,-0.00427,-1,-0.002391,298,49,4270,2391,6000,,0,,,,holding,normal,0,no_load,none,"A1: Servo ON, shaft stationary",servo-app/lab-0.1
1781157352.4544892,50.01034474372864,A1_HOLDING_SERVO_ON,A1_HOLDING_SERVO_ON_R03_20260611_125501,delta-asda-b3-e,1616,VE|SOD|TR,1,0,-7101,0,-1,-0.00427,-1,-0.002391,298,49,4270,2391,6000,,0,,,,holding,normal,0,no_load,none,"A1: Servo ON, shaft stationary",servo-app/lab-0.1
1781157352.5546448,50.11050033569336,A1_HOLDING_SERVO_ON,A1_HOLDING_SERVO_ON_R03_20260611_125501,delta-asda-b3-e,1616,VE|SOD|TR,1,0,-7101,0,0,0.0,-1,-0.002391,298,49,4270,2391,6000,,0,,,,holding,normal,0,no_load,none,"A1: Servo ON, shaft stationary",servo-app/lab-0.1
1781157352.65473,50.210585594177246,A1_HOLDING_SERVO_ON,A1_HOLDING_SERVO_ON_R03_20260611_125501,delta-asda-b3-e,1616,VE|SOD|TR,1,0,-7091,0,-1,-0.00427,-1,-0.002391,298,49,4270,2391,6000,,0,,,,holding,normal,0,no_load,none,"A1: Servo ON, shaft stationary",servo-app/lab-0.1
1781157352.7549398,50.310795307159424,A1_HOLDING_SERVO_ON,A1_HOLDING_SERVO_ON_R03_20260611_125501,delta-asda-b3-e,1616,VE|SOD|TR,1,0,-7101,0,-1,-0.00427,0,0.0,298,49,4270,2391,6000,,0,,,,holding,normal,0,no_load,none,"A1: Servo ON, shaft stationary",servo-app/lab-0.1
1781157352.8553872,50.411242723464966,A1_HOLDING_SERVO_ON,A1_HOLDING_SERVO_ON_R03_20260611_125501,delta-asda-b3-e,1616,VE|SOD|TR,1,0,-7095,0,-1,-0.00427,0,0.0,299,49,4270,2391,6000,,0,,,,holding,normal,0,no_load,none,"A1: Servo ON, shaft stationary",servo-app/lab-0.1
1781157352.9557736,50.51162910461426,A1_HOLDING_SERVO_ON,A1_HOLDING_SERVO_ON_R03_20260611_125501,delta-asda-b3-e,1616,VE|SOD|TR,1,0,-7095,0,0,0.0,-1,-0.002391,299,49,4270,2391,6000,,0,,,,holding,normal,0,no_load,none,"A1: Servo ON, shaft stationary",servo-app/lab-0.1
1781157353.0563216,50.61217713356018,A1_HOLDING_SERVO_ON,A1_HOLDING_SERVO_ON_R03_20260611_125501,delta-asda-b3-e,1616,VE|SOD|TR,1,0,-7101,0,-1,-0.00427,0,0.0,298,49,4270,2391,6000,,0,,,,holding,normal,0,no_load,none,"A1: Servo ON, shaft stationary",servo-app/lab-0.1
1781157353.156793,50.71264863014221,A1_HOLDING_SERVO_ON,A1_HOLDING_SERVO_ON_R03_20260611_125501,delta-asda-b3-e,1616,VE|SOD|TR,1,0,-7101,0,0,0.0,-1,-0.002391,299,49,4270,2391,6000,,0,,,,holding,normal,0,no_load,none,"A1: Servo ON, shaft stationary",servo-app/lab-0.1
1781157353.2573001,50.81315565109253,A1_HOLDING_SERVO_ON,A1_HOLDING_SERVO_ON_R03_20260611_125501,delta-asda-b3-e,1616,VE|SOD|TR,1,0,-7095,0,0,0.0,-1,-0.002391,298,49,4270,2391,6000,,0,,,,holding,normal,0,no_load,none,"A1: Servo ON, shaft stationary",servo-app/lab-0.1
1781157353.3578422,50.913697719573975,A1_HOLDING_SERVO_ON,A1_HOLDING_SERVO_ON_R03_20260611_125501,delta-asda-b3-e,1616,VE|SOD|TR,1,0,-7091,0,0,0.0,0,0.0,299,49,4270,2391,6000,,0,,,,holding,normal,0,no_load,none,"A1: Servo ON, shaft stationary",servo-app/lab-0.1
1781157353.458007,51.01386260986328,A1_HOLDING_SERVO_ON,A1_HOLDING_SERVO_ON_R03_20260611_125501,delta-asda-b3-e,1616,VE|SOD|TR,1,0,-7101,0,0,0.0,0,0.0,299,49,4270,2391,6000,,0,,,,holding,normal,0,no_load,none,"A1: Servo ON, shaft stationary",servo-app/lab-0.1
1781157353.5583115,51.11416697502136,A1_HOLDING_SERVO_ON,A1_HOLDING_SERVO_ON_R03_20260611_125501,delta-asda-b3-e,1616,VE|SOD|TR,1,0,-7097,0,0,0.0,0,0.0,298,49,4270,2391,6000,,0,,,,holding,normal,0,no_load,none,"A1: Servo ON, shaft stationary",servo-app/lab-0.1
1781157353.6585815,51.21443700790405,A1_HOLDING_SERVO_ON,A1_HOLDING_SERVO_ON_R03_20260611_125501,delta-asda-b3-e,1616,VE|SOD|TR,1,0,-7095,0,-1,-0.00427,-1,-0.002391,299,49,4270,2391,6000,,0,,,,holding,normal,0,no_load,none,"A1: Servo ON, shaft stationary",servo-app/lab-0.1
1781157353.7590325,51.31488800048828,A1_HOLDING_SERVO_ON,A1_HOLDING_SERVO_ON_R03_20260611_125501,delta-asda-b3-e,1616,VE|SOD|TR,1,0,-7095,0,0,0.0,0,0.0,299,49,4270,2391,6000,,0,,,,holding,normal,0,no_load,none,"A1: Servo ON, shaft stationary",servo-app/lab-0.1
1781157353.859204,51.4150595664978,A1_HOLDING_SERVO_ON,A1_HOLDING_SERVO_ON_R03_20260611_125501,delta-asda-b3-e,1616,VE|SOD|TR,1,0,-7091,0,-1,-0.00427,-1,-0.002391,299,49,4270,2391,6000,,0,,,,holding,normal,0,no_load,none,"A1: Servo ON, shaft stationary",servo-app/lab-0.1
1781157354.106621,51.662476539611816,A1_HOLDING_SERVO_ON,A1_HOLDING_SERVO_ON_R03_20260611_125501,delta-asda-b3-e,1616,VE|SOD|TR,1,0,-7101,0,0,0.0,-1,-0.002391,299,49,4270,2391,6000,,0,,,,holding,normal,0,no_load,none,"A1: Servo ON, shaft stationary",servo-app/lab-0.1
1781157354.2066977,51.762553215026855,A1_HOLDING_SERVO_ON,A1_HOLDING_SERVO_ON_R03_20260611_125501,delta-asda-b3-e,1616,VE|SOD|TR,1,0,-7097,0,-1,-0.00427,0,0.0,299,49,4270,2391,6000,,0,,,,holding,normal,0,no_load,none,"A1: Servo ON, shaft stationary",servo-app/lab-0.1
1781157354.306787,51.86264252662659,A1_HOLDING_SERVO_ON,A1_HOLDING_SERVO_ON_R03_20260611_125501,delta-asda-b3-e,1616,VE|SOD|TR,1,0,-7101,0,-1,-0.00427,0,0.0,299,49,4270,2391,6000,,0,,,,holding,normal,0,no_load,none,"A1: Servo ON, shaft stationary",servo-app/lab-0.1
1781157354.4073956,51.9632511138916,A1_HOLDING_SERVO_ON,A1_HOLDING_SERVO_ON_R03_20260611_125501,delta-asda-b3-e,1616,VE|SOD|TR,1,0,-7101,0,0,0.0,0,0.0,299,49,4270,2391,6000,,0,,,,holding,normal,0,no_load,none,"A1: Servo ON, shaft stationary",servo-app/lab-0.1
1781157354.50768,52.06353545188904,A1_HOLDING_SERVO_ON,A1_HOLDING_SERVO_ON_R03_20260611_125501,delta-asda-b3-e,1616,VE|SOD|TR,1,0,-7101,0,-1,-0.00427,-1,-0.002391,299,49,4270,2391,6000,,0,,,,holding,normal,0,no_load,none,"A1: Servo ON, shaft stationary",servo-app/lab-0.1
1781157354.6078718,52.16372728347778,A1_HOLDING_SERVO_ON,A1_HOLDING_SERVO_ON_R03_20260611_125501,delta-asda-b3-e,1616,VE|SOD|TR,1,0,-7101,0,0,0.0,-1,-0.002391,299,49,4270,2391,6000,,0,,,,holding,normal,0,no_load,none,"A1: Servo ON, shaft stationary",servo-app/lab-0.1
1781157354.708727,52.26458239555359,A1_HOLDING_SERVO_ON,A1_HOLDING_SERVO_ON_R03_20260611_125501,delta-asda-b3-e,1616,VE|SOD|TR,1,0,-7101,0,-1,-0.00427,-1,-0.002391,299,49,4270,2391,6000,,0,,,,holding,normal,0,no_load,none,"A1: Servo ON, shaft stationary",servo-app/lab-0.1
1781157354.8092663,52.365121841430664,A1_HOLDING_SERVO_ON,A1_HOLDING_SERVO_ON_R03_20260611_125501,delta-asda-b3-e,1616,VE|SOD|TR,1,0,-7095,0,0,0.0,-1,-0.002391,299,49,4270,2391,6000,,0,,,,holding,normal,0,no_load,none,"A1: Servo ON, shaft stationary",servo-app/lab-0.1
1781157354.9095318,52.46538734436035,A1_HOLDING_SERVO_ON,A1_HOLDING_SERVO_ON_R03_20260611_125501,delta-asda-b3-e,1616,VE|SOD|TR,1,0,-7101,0,-1,-0.00427,0,0.0,299,49,4270,2391,6000,,0,,,,holding,normal,0,no_load,none,"A1: Servo ON, shaft stationary",servo-app/lab-0.1
1781157355.010105,52.56596040725708,A1_HOLDING_SERVO_ON,A1_HOLDING_SERVO_ON_R03_20260611_125501,delta-asda-b3-e,1616,VE|SOD|TR,1,0,-7091,0,-1,-0.00427,-1,-0.002391,299,49,4270,2391,6000,,0,,,,holding,normal,0,no_load,none,"A1: Servo ON, shaft stationary",servo-app/lab-0.1
1781157355.1106415,52.666496992111206,A1_HOLDING_SERVO_ON,A1_HOLDING_SERVO_ON_R03_20260611_125501,delta-asda-b3-e,1616,VE|SOD|TR,1,0,-7101,0,-1,-0.00427,0,0.0,299,49,4270,2391,6000,,0,,,,holding,normal,0,no_load,none,"A1: Servo ON, shaft stationary",servo-app/lab-0.1
1781157355.2108526,52.76670813560486,A1_HOLDING_SERVO_ON,A1_HOLDING_SERVO_ON_R03_20260611_125501,delta-asda-b3-e,1616,VE|SOD|TR,1,0,-7101,0,0,0.0,-1,-0.002391,299,49,4270,2391,6000,,0,,,,holding,normal,0,no_load,none,"A1: Servo ON, shaft stationary",servo-app/lab-0.1
1781157355.311214,52.867069482803345,A1_HOLDING_SERVO_ON,A1_HOLDING_SERVO_ON_R03_20260611_125501,delta-asda-b3-e,1616,VE|SOD|TR,1,0,-7101,0,0,0.0,-1,-0.002391,299,49,4270,2391,6000,,0,,,,holding,normal,0,no_load,none,"A1: Servo ON, shaft stationary",servo-app/lab-0.1
1781157355.4116473,52.96750283241272,A1_HOLDING_SERVO_ON,A1_HOLDING_SERVO_ON_R03_20260611_125501,delta-asda-b3-e,1616,VE|SOD|TR,1,0,-7101,0,0,0.0,0,0.0,299,49,4270,2391,6000,,0,,,,holding,normal,0,no_load,none,"A1: Servo ON, shaft stationary",servo-app/lab-0.1
1781157355.5117352,53.06759071350098,A1_HOLDING_SERVO_ON,A1_HOLDING_SERVO_ON_R03_20260611_125501,delta-asda-b3-e,1616,VE|SOD|TR,1,0,-7097,0,-1,-0.00427,-1,-0.002391,299,49,4270,2391,6000,,0,,,,holding,normal,0,no_load,none,"A1: Servo ON, shaft stationary",servo-app/lab-0.1
1781157355.6119475,53.167803049087524,A1_HOLDING_SERVO_ON,A1_HOLDING_SERVO_ON_R03_20260611_125501,delta-asda-b3-e,1616,VE|SOD|TR,1,0,-7101,0,0,0.0,-1,-0.002391,298,49,4270,2391,6000,,0,,,,holding,normal,0,no_load,none,"A1: Servo ON, shaft stationary",servo-app/lab-0.1
1781157355.7121844,53.26803994178772,A1_HOLDING_SERVO_ON,A1_HOLDING_SERVO_ON_R03_20260611_125501,delta-asda-b3-e,1616,VE|SOD|TR,1,0,-7095,0,0,0.0,-1,-0.002391,299,49,4270,2391,6000,,0,,,,holding,normal,0,no_load,none,"A1: Servo ON, shaft stationary",servo-app/lab-0.1
1781157355.8123827,53.3682382106781,A1_HOLDING_SERVO_ON,A1_HOLDING_SERVO_ON_R03_20260611_125501,delta-asda-b3-e,1616,VE|SOD|TR,1,0,-7101,0,-1,-0.00427,-1,-0.002391,299,49,4270,2391,6000,,0,,,,holding,normal,0,no_load,none,"A1: Servo ON, shaft stationary",servo-app/lab-0.1
1781157355.9128046,53.46866011619568,A1_HOLDING_SERVO_ON,A1_HOLDING_SERVO_ON_R03_20260611_125501,delta-asda-b3-e,1616,VE|SOD|TR,1,0,-7101,0,0,0.0,0,0.0,299,49,4270,2391,6000,,0,,,,holding,normal,0,no_load,none,"A1: Servo ON, shaft stationary",servo-app/lab-0.1
1781157356.0132303,53.56908583641052,A1_HOLDING_SERVO_ON,A1_HOLDING_SERVO_ON_R03_20260611_125501,delta-asda-b3-e,1616,VE|SOD|TR,1,0,-7101,0,-1,-0.00427,-1,-0.002391,299,49,4270,2391,6000,,0,,,,holding,normal,0,no_load,none,"A1: Servo ON, shaft stationary",servo-app/lab-0.1
1781157356.113377,53.66923260688782,A1_HOLDING_SERVO_ON,A1_HOLDING_SERVO_ON_R03_20260611_125501,delta-asda-b3-e,1616,VE|SOD|TR,1,0,-7091,0,0,0.0,0,0.0,299,49,4270,2391,6000,,0,,,,holding,normal,0,no_load,none,"A1: Servo ON, shaft stationary",servo-app/lab-0.1
1781157356.2138395,53.76969504356384,A1_HOLDING_SERVO_ON,A1_HOLDING_SERVO_ON_R03_20260611_125501,delta-asda-b3-e,1616,VE|SOD|TR,1,0,-7101,0,-1,-0.00427,-1,-0.002391,299,49,4270,2391,6000,,0,,,,holding,normal,0,no_load,none,"A1: Servo ON, shaft stationary",servo-app/lab-0.1
1781157356.3141966,53.870052099227905,A1_HOLDING_SERVO_ON,A1_HOLDING_SERVO_ON_R03_20260611_125501,delta-asda-b3-e,1616,VE|SOD|TR,1,0,-7101,0,0,0.0,0,0.0,299,49,4270,2391,6000,,0,,,,holding,normal,0,no_load,none,"A1: Servo ON, shaft stationary",servo-app/lab-0.1
1781157356.4145982,53.97045373916626,A1_HOLDING_SERVO_ON,A1_HOLDING_SERVO_ON_R03_20260611_125501,delta-asda-b3-e,1616,VE|SOD|TR,1,0,-7101,0,0,0.0,-1,-0.002391,298,49,4270,2391,6000,,0,,,,holding,normal,0,no_load,none,"A1: Servo ON, shaft stationary",servo-app/lab-0.1
1781157356.5147548,54.0706102848053,A1_HOLDING_SERVO_ON,A1_HOLDING_SERVO_ON_R03_20260611_125501,delta-asda-b3-e,1616,VE|SOD|TR,1,0,-7101,0,-1,-0.00427,-1,-0.002391,299,49,4270,2391,6000,,0,,,,holding,normal,0,no_load,none,"A1: Servo ON, shaft stationary",servo-app/lab-0.1
1781157356.61483,54.17068552970886,A1_HOLDING_SERVO_ON,A1_HOLDING_SERVO_ON_R03_20260611_125501,delta-asda-b3-e,1616,VE|SOD|TR,1,0,-7101,0,0,0.0,0,0.0,299,49,4270,2391,6000,,0,,,,holding,normal,0,no_load,none,"A1: Servo ON, shaft stationary",servo-app/lab-0.1
1781157356.715209,54.2710645198822,A1_HOLDING_SERVO_ON,A1_HOLDING_SERVO_ON_R03_20260611_125501,delta-asda-b3-e,1616,VE|SOD|TR,1,0,-7101,0,0,0.0,-1,-0.002391,299,49,4270,2391,6000,,0,,,,holding,normal,0,no_load,none,"A1: Servo ON, shaft stationary",servo-app/lab-0.1
1781157356.8157318,54.37158727645874,A1_HOLDING_SERVO_ON,A1_HOLDING_SERVO_ON_R03_20260611_125501,delta-asda-b3-e,1616,VE|SOD|TR,1,0,-7101,0,-1,-0.00427,-1,-0.002391,299,49,4270,2391,6000,,0,,,,holding,normal,0,no_load,none,"A1: Servo ON, shaft stationary",servo-app/lab-0.1
1781157356.9162352,54.47209072113037,A1_HOLDING_SERVO_ON,A1_HOLDING_SERVO_ON_R03_20260611_125501,delta-asda-b3-e,1616,VE|SOD|TR,1,0,-7091,0,-1,-0.00427,-1,-0.002391,299,49,4270,2391,6000,,0,,,,holding,normal,0,no_load,none,"A1: Servo ON, shaft stationary",servo-app/lab-0.1
1781157357.0167367,54.57259225845337,A1_HOLDING_SERVO_ON,A1_HOLDING_SERVO_ON_R03_20260611_125501,delta-asda-b3-e,1616,VE|SOD|TR,1,0,-7091,0,0,0.0,-1,-0.002391,299,49,4270,2391,6000,,0,,,,holding,normal,0,no_load,none,"A1: Servo ON, shaft stationary",servo-app/lab-0.1
1781157357.117176,54.67303156852722,A1_HOLDING_SERVO_ON,A1_HOLDING_SERVO_ON_R03_20260611_125501,delta-asda-b3-e,1616,VE|SOD|TR,1,0,-7097,0,-1,-0.00427,0,0.0,299,49,4270,2391,6000,,0,,,,holding,normal,0,no_load,none,"A1: Servo ON, shaft stationary",servo-app/lab-0.1
1781157357.217472,54.773327589035034,A1_HOLDING_SERVO_ON,A1_HOLDING_SERVO_ON_R03_20260611_125501,delta-asda-b3-e,1616,VE|SOD|TR,1,0,-7101,0,0,0.0,-1,-0.002391,298,49,4270,2391,6000,,0,,,,holding,normal,0,no_load,none,"A1: Servo ON, shaft stationary",servo-app/lab-0.1
1781157357.3178558,54.873711347579956,A1_HOLDING_SERVO_ON,A1_HOLDING_SERVO_ON_R03_20260611_125501,delta-asda-b3-e,1616,VE|SOD|TR,1,0,-7101,0,0,0.0,-1,-0.002391,298,49,4270,2391,6000,,0,,,,holding,normal,0,no_load,none,"A1: Servo ON, shaft stationary",servo-app/lab-0.1
1781157357.4179342,54.97378969192505,A1_HOLDING_SERVO_ON,A1_HOLDING_SERVO_ON_R03_20260611_125501,delta-asda-b3-e,1616,VE|SOD|TR,1,0,-7091,0,0,0.0,-1,-0.002391,299,49,4270,2391,6000,,0,,,,holding,normal,0,no_load,none,"A1: Servo ON, shaft stationary",servo-app/lab-0.1
1781157357.5184605,55.07431602478027,A1_HOLDING_SERVO_ON,A1_HOLDING_SERVO_ON_R03_20260611_125501,delta-asda-b3-e,1616,VE|SOD|TR,1,0,-7101,0,0,0.0,0,0.0,299,49,4270,2391,6000,,0,,,,holding,normal,0,no_load,none,"A1: Servo ON, shaft stationary",servo-app/lab-0.1
1781157357.61868,55.174535512924194,A1_HOLDING_SERVO_ON,A1_HOLDING_SERVO_ON_R03_20260611_125501,delta-asda-b3-e,1616,VE|SOD|TR,1,0,-7091,0,0,0.0,-1,-0.002391,298,49,4270,2391,6000,,0,,,,holding,normal,0,no_load,none,"A1: Servo ON, shaft stationary",servo-app/lab-0.1
1781157357.7187958,55.274651288986206,A1_HOLDING_SERVO_ON,A1_HOLDING_SERVO_ON_R03_20260611_125501,delta-asda-b3-e,1616,VE|SOD|TR,1,0,-7097,0,-1,-0.00427,-1,-0.002391,299,49,4270,2391,6000,,0,,,,holding,normal,0,no_load,none,"A1: Servo ON, shaft stationary",servo-app/lab-0.1
1781157357.819085,55.374940395355225,A1_HOLDING_SERVO_ON,A1_HOLDING_SERVO_ON_R03_20260611_125501,delta-asda-b3-e,1616,VE|SOD|TR,1,0,-7091,0,0,0.0,-1,-0.002391,299,49,4270,2391,6000,,0,,,,holding,normal,0,no_load,none,"A1: Servo ON, shaft stationary",servo-app/lab-0.1
1781157357.919675,55.47553062438965,A1_HOLDING_SERVO_ON,A1_HOLDING_SERVO_ON_R03_20260611_125501,delta-asda-b3-e,1616,VE|SOD|TR,1,0,-7101,0,-1,-0.00427,-1,-0.002391,299,49,4270,2391,6000,,0,,,,holding,normal,0,no_load,none,"A1: Servo ON, shaft stationary",servo-app/lab-0.1
1781157358.020108,55.575963497161865,A1_HOLDING_SERVO_ON,A1_HOLDING_SERVO_ON_R03_20260611_125501,delta-asda-b3-e,1616,VE|SOD|TR,1,0,-7101,0,0,0.0,0,0.0,298,49,4270,2391,6000,,0,,,,holding,normal,0,no_load,none,"A1: Servo ON, shaft stationary",servo-app/lab-0.1
1781157358.1218688,55.67772436141968,A1_HOLDING_SERVO_ON,A1_HOLDING_SERVO_ON_R03_20260611_125501,delta-asda-b3-e,1616,VE|SOD|TR,1,0,-7097,0,-1,-0.00427,-1,-0.002391,299,49,4270,2391,6000,,0,,,,holding,normal,0,no_load,none,"A1: Servo ON, shaft stationary",servo-app/lab-0.1
1781157358.2221284,55.77798390388489,A1_HOLDING_SERVO_ON,A1_HOLDING_SERVO_ON_R03_20260611_125501,delta-asda-b3-e,1616,VE|SOD|TR,1,0,-7087,0,-1,-0.00427,-1,-0.002391,299,49,4270,2391,6000,,0,,,,holding,normal,0,no_load,none,"A1: Servo ON, shaft stationary",servo-app/lab-0.1
1781157358.3224568,55.87831234931946,A1_HOLDING_SERVO_ON,A1_HOLDING_SERVO_ON_R03_20260611_125501,delta-asda-b3-e,1616,VE|SOD|TR,1,0,-7101,0,0,0.0,0,0.0,298,49,4270,2391,6000,,0,,,,holding,normal,0,no_load,none,"A1: Servo ON, shaft stationary",servo-app/lab-0.1
1781157358.422954,55.97880959510803,A1_HOLDING_SERVO_ON,A1_HOLDING_SERVO_ON_R03_20260611_125501,delta-asda-b3-e,1616,VE|SOD|TR,1,0,-7101,0,-1,-0.00427,-1,-0.002391,298,49,4270,2391,6000,,0,,,,holding,normal,0,no_load,none,"A1: Servo ON, shaft stationary",servo-app/lab-0.1
1781157358.5233006,56.079156160354614,A1_HOLDING_SERVO_ON,A1_HOLDING_SERVO_ON_R03_20260611_125501,delta-asda-b3-e,1616,VE|SOD|TR,1,0,-7085,0,0,0.0,0,0.0,299,49,4270,2391,6000,,0,,,,holding,normal,0,no_load,none,"A1: Servo ON, shaft stationary",servo-app/lab-0.1
1781157358.6234214,56.17927694320679,A1_HOLDING_SERVO_ON,A1_HOLDING_SERVO_ON_R03_20260611_125501,delta-asda-b3-e,1616,VE|SOD|TR,1,0,-7101,0,0,0.0,0,0.0,298,49,4270,2391,6000,,0,,,,holding,normal,0,no_load,none,"A1: Servo ON, shaft stationary",servo-app/lab-0.1
1781157358.723822,56.279677629470825,A1_HOLDING_SERVO_ON,A1_HOLDING_SERVO_ON_R03_20260611_125501,delta-asda-b3-e,1616,VE|SOD|TR,1,0,-7091,0,-1,-0.00427,-1,-0.002391,299,49,4270,2391,6000,,0,,,,holding,normal,0,no_load,none,"A1: Servo ON, shaft stationary",servo-app/lab-0.1
1781157358.82404,56.37989544868469,A1_HOLDING_SERVO_ON,A1_HOLDING_SERVO_ON_R03_20260611_125501,delta-asda-b3-e,1616,VE|SOD|TR,1,0,-7101,0,-1,-0.00427,-1,-0.002391,299,49,4270,2391,6000,,0,,,,holding,normal,0,no_load,none,"A1: Servo ON, shaft stationary",servo-app/lab-0.1
1781157358.9247425,56.48059797286987,A1_HOLDING_SERVO_ON,A1_HOLDING_SERVO_ON_R03_20260611_125501,delta-asda-b3-e,1616,VE|SOD|TR,1,0,-7101,0,0,0.0,-1,-0.002391,299,49,4270,2391,6000,,0,,,,holding,normal,0,no_load,none,"A1: Servo ON, shaft stationary",servo-app/lab-0.1
1781157359.025637,56.58149242401123,A1_HOLDING_SERVO_ON,A1_HOLDING_SERVO_ON_R03_20260611_125501,delta-asda-b3-e,1616,VE|SOD|TR,1,0,-7101,0,0,0.0,0,0.0,299,49,4270,2391,6000,,0,,,,holding,normal,0,no_load,none,"A1: Servo ON, shaft stationary",servo-app/lab-0.1
1781157359.1260543,56.681909799575806,A1_HOLDING_SERVO_ON,A1_HOLDING_SERVO_ON_R03_20260611_125501,delta-asda-b3-e,1616,VE|SOD|TR,1,0,-7101,0,-1,-0.00427,-1,-0.002391,299,49,4270,2391,6000,,0,,,,holding,normal,0,no_load,none,"A1: Servo ON, shaft stationary",servo-app/lab-0.1
1781157359.2265053,56.782360792160034,A1_HOLDING_SERVO_ON,A1_HOLDING_SERVO_ON_R03_20260611_125501,delta-asda-b3-e,1616,VE|SOD|TR,1,0,-7101,0,0,0.0,0,0.0,299,49,4270,2391,6000,,0,,,,holding,normal,0,no_load,none,"A1: Servo ON, shaft stationary",servo-app/lab-0.1
1781157359.3267694,56.88262486457825,A1_HOLDING_SERVO_ON,A1_HOLDING_SERVO_ON_R03_20260611_125501,delta-asda-b3-e,1616,VE|SOD|TR,1,0,-7101,0,-1,-0.00427,0,0.0,299,49,4270,2391,6000,,0,,,,holding,normal,0,no_load,none,"A1: Servo ON, shaft stationary",servo-app/lab-0.1
1781157359.42688,56.98273539543152,A1_HOLDING_SERVO_ON,A1_HOLDING_SERVO_ON_R03_20260611_125501,delta-asda-b3-e,1616,VE|SOD|TR,1,0,-7101,0,0,0.0,0,0.0,299,49,4270,2391,6000,,0,,,,holding,normal,0,no_load,none,"A1: Servo ON, shaft stationary",servo-app/lab-0.1
1781157359.5272026,57.08305811882019,A1_HOLDING_SERVO_ON,A1_HOLDING_SERVO_ON_R03_20260611_125501,delta-asda-b3-e,1616,VE|SOD|TR,1,0,-7097,0,0,0.0,-1,-0.002391,299,49,4270,2391,6000,,0,,,,holding,normal,0,no_load,none,"A1: Servo ON, shaft stationary",servo-app/lab-0.1
1781157359.6273372,57.18319272994995,A1_HOLDING_SERVO_ON,A1_HOLDING_SERVO_ON_R03_20260611_125501,delta-asda-b3-e,1616,VE|SOD|TR,1,0,-7091,0,0,0.0,0,0.0,299,49,4270,2391,6000,,0,,,,holding,normal,0,no_load,none,"A1: Servo ON, shaft stationary",servo-app/lab-0.1
1781157359.7280626,57.283918142318726,A1_HOLDING_SERVO_ON,A1_HOLDING_SERVO_ON_R03_20260611_125501,delta-asda-b3-e,1616,VE|SOD|TR,1,0,-7091,0,0,0.0,0,0.0,299,49,4270,2391,6000,,0,,,,holding,normal,0,no_load,none,"A1: Servo ON, shaft stationary",servo-app/lab-0.1
1781157359.828236,57.38409161567688,A1_HOLDING_SERVO_ON,A1_HOLDING_SERVO_ON_R03_20260611_125501,delta-asda-b3-e,1616,VE|SOD|TR,1,0,-7095,0,-1,-0.00427,-1,-0.002391,299,49,4270,2391,6000,,0,,,,holding,normal,0,no_load,none,"A1: Servo ON, shaft stationary",servo-app/lab-0.1
1781157359.92842,57.484275579452515,A1_HOLDING_SERVO_ON,A1_HOLDING_SERVO_ON_R03_20260611_125501,delta-asda-b3-e,1616,VE|SOD|TR,1,0,-7095,0,-1,-0.00427,-1,-0.002391,299,49,4270,2391,6000,,0,,,,holding,normal,0,no_load,none,"A1: Servo ON, shaft stationary",servo-app/lab-0.1
1781157360.028487,57.58434247970581,A1_HOLDING_SERVO_ON,A1_HOLDING_SERVO_ON_R03_20260611_125501,delta-asda-b3-e,1616,VE|SOD|TR,1,0,-7101,0,-1,-0.00427,0,0.0,299,49,4270,2391,6000,,0,,,,holding,normal,0,no_load,none,"A1: Servo ON, shaft stationary",servo-app/lab-0.1
1781157360.1285868,57.68444228172302,A1_HOLDING_SERVO_ON,A1_HOLDING_SERVO_ON_R03_20260611_125501,delta-asda-b3-e,1616,VE|SOD|TR,1,0,-7101,0,0,0.0,0,0.0,299,49,4270,2391,6000,,0,,,,holding,normal,0,no_load,none,"A1: Servo ON, shaft stationary",servo-app/lab-0.1
1781157360.2289999,57.784855365753174,A1_HOLDING_SERVO_ON,A1_HOLDING_SERVO_ON_R03_20260611_125501,delta-asda-b3-e,1616,VE|SOD|TR,1,0,-7095,0,0,0.0,-1,-0.002391,299,49,4270,2391,6000,,0,,,,holding,normal,0,no_load,none,"A1: Servo ON, shaft stationary",servo-app/lab-0.1
1781157360.3291023,57.884957790374756,A1_HOLDING_SERVO_ON,A1_HOLDING_SERVO_ON_R03_20260611_125501,delta-asda-b3-e,1616,VE|SOD|TR,1,0,-7101,0,0,0.0,-1,-0.002391,299,49,4270,2391,6000,,0,,,,holding,normal,0,no_load,none,"A1: Servo ON, shaft stationary",servo-app/lab-0.1
1781157360.4291475,57.98500299453735,A1_HOLDING_SERVO_ON,A1_HOLDING_SERVO_ON_R03_20260611_125501,delta-asda-b3-e,1616,VE|SOD|TR,1,0,-7101,0,0,0.0,-1,-0.002391,299,49,4270,2391,6000,,0,,,,holding,normal,0,no_load,none,"A1: Servo ON, shaft stationary",servo-app/lab-0.1
1781157360.529291,58.08514642715454,A1_HOLDING_SERVO_ON,A1_HOLDING_SERVO_ON_R03_20260611_125501,delta-asda-b3-e,1616,VE|SOD|TR,1,0,-7101,0,0,0.0,-1,-0.002391,299,49,4270,2391,6000,,0,,,,holding,normal,0,no_load,none,"A1: Servo ON, shaft stationary",servo-app/lab-0.1
1781157360.629873,58.185728549957275,A1_HOLDING_SERVO_ON,A1_HOLDING_SERVO_ON_R03_20260611_125501,delta-asda-b3-e,1616,VE|SOD|TR,1,0,-7101,0,-1,-0.00427,-1,-0.002391,299,49,4270,2391,6000,,0,,,,holding,normal,0,no_load,none,"A1: Servo ON, shaft stationary",servo-app/lab-0.1
1781157360.7301886,58.286044120788574,A1_HOLDING_SERVO_ON,A1_HOLDING_SERVO_ON_R03_20260611_125501,delta-asda-b3-e,1616,VE|SOD|TR,1,0,-7101,0,0,0.0,-1,-0.002391,299,49,4270,2391,6000,,0,,,,holding,normal,0,no_load,none,"A1: Servo ON, shaft stationary",servo-app/lab-0.1
1781157360.8303308,58.386186361312866,A1_HOLDING_SERVO_ON,A1_HOLDING_SERVO_ON_R03_20260611_125501,delta-asda-b3-e,1616,VE|SOD|TR,1,0,-7101,0,-1,-0.00427,-1,-0.002391,299,49,4270,2391,6000,,0,,,,holding,normal,0,no_load,none,"A1: Servo ON, shaft stationary",servo-app/lab-0.1
1781157360.9305387,58.48639416694641,A1_HOLDING_SERVO_ON,A1_HOLDING_SERVO_ON_R03_20260611_125501,delta-asda-b3-e,1616,VE|SOD|TR,1,0,-7091,0,0,0.0,-1,-0.002391,299,49,4270,2391,6000,,0,,,,holding,normal,0,no_load,none,"A1: Servo ON, shaft stationary",servo-app/lab-0.1
1781157361.0307915,58.586647033691406,A1_HOLDING_SERVO_ON,A1_HOLDING_SERVO_ON_R03_20260611_125501,delta-asda-b3-e,1616,VE|SOD|TR,1,0,-7095,0,0,0.0,0,0.0,299,49,4270,2391,6000,,0,,,,holding,normal,0,no_load,none,"A1: Servo ON, shaft stationary",servo-app/lab-0.1
1781157361.1310263,58.68688178062439,A1_HOLDING_SERVO_ON,A1_HOLDING_SERVO_ON_R03_20260611_125501,delta-asda-b3-e,1616,VE|SOD|TR,1,0,-7097,0,0,0.0,-1,-0.002391,299,49,4270,2391,6000,,0,,,,holding,normal,0,no_load,none,"A1: Servo ON, shaft stationary",servo-app/lab-0.1
1781157361.2315402,58.7873957157135,A1_HOLDING_SERVO_ON,A1_HOLDING_SERVO_ON_R03_20260611_125501,delta-asda-b3-e,1616,VE|SOD|TR,1,0,-7101,0,0,0.0,0,0.0,298,49,4270,2391,6000,,0,,,,holding,normal,0,no_load,none,"A1: Servo ON, shaft stationary",servo-app/lab-0.1
1781157361.3320723,58.887927770614624,A1_HOLDING_SERVO_ON,A1_HOLDING_SERVO_ON_R03_20260611_125501,delta-asda-b3-e,1616,VE|SOD|TR,1,0,-7091,0,-1,-0.00427,-1,-0.002391,299,49,4270,2391,6000,,0,,,,holding,normal,0,no_load,none,"A1: Servo ON, shaft stationary",servo-app/lab-0.1
1781157361.432133,58.98798847198486,A1_HOLDING_SERVO_ON,A1_HOLDING_SERVO_ON_R03_20260611_125501,delta-asda-b3-e,1616,VE|SOD|TR,1,0,-7101,0,0,0.0,0,0.0,298,49,4270,2391,6000,,0,,,,holding,normal,0,no_load,none,"A1: Servo ON, shaft stationary",servo-app/lab-0.1
1781157361.5328798,59.08873534202576,A1_HOLDING_SERVO_ON,A1_HOLDING_SERVO_ON_R03_20260611_125501,delta-asda-b3-e,1616,VE|SOD|TR,1,0,-7101,0,0,0.0,0,0.0,298,49,4270,2391,6000,,0,,,,holding,normal,0,no_load,none,"A1: Servo ON, shaft stationary",servo-app/lab-0.1
1781157361.6332133,59.18906879425049,A1_HOLDING_SERVO_ON,A1_HOLDING_SERVO_ON_R03_20260611_125501,delta-asda-b3-e,1616,VE|SOD|TR,1,0,-7101,0,0,0.0,0,0.0,298,49,4270,2391,6000,,0,,,,holding,normal,0,no_load,none,"A1: Servo ON, shaft stationary",servo-app/lab-0.1
1781157361.7335286,59.28938412666321,A1_HOLDING_SERVO_ON,A1_HOLDING_SERVO_ON_R03_20260611_125501,delta-asda-b3-e,1616,VE|SOD|TR,1,0,-7097,0,0,0.0,0,0.0,298,49,4270,2391,6000,,0,,,,holding,normal,0,no_load,none,"A1: Servo ON, shaft stationary",servo-app/lab-0.1
1781157361.8340297,59.38988518714905,A1_HOLDING_SERVO_ON,A1_HOLDING_SERVO_ON_R03_20260611_125501,delta-asda-b3-e,1616,VE|SOD|TR,1,0,-7091,0,0,0.0,0,0.0,299,49,4270,2391,6000,,0,,,,holding,normal,0,no_load,none,"A1: Servo ON, shaft stationary",servo-app/lab-0.1
1781157361.934714,59.49056959152222,A1_HOLDING_SERVO_ON,A1_HOLDING_SERVO_ON_R03_20260611_125501,delta-asda-b3-e,1616,VE|SOD|TR,1,0,-7095,0,-1,-0.00427,-1,-0.002391,298,49,4270,2391,6000,,0,,,,holding,normal,0,no_load,none,"A1: Servo ON, shaft stationary",servo-app/lab-0.1
1781157362.034806,59.59066152572632,A1_HOLDING_SERVO_ON,A1_HOLDING_SERVO_ON_R03_20260611_125501,delta-asda-b3-e,1616,VE|SOD|TR,1,0,-7095,0,-1,-0.00427,-1,-0.002391,298,49,4270,2391,6000,,0,,,,holding,normal,0,no_load,none,"A1: Servo ON, shaft stationary",servo-app/lab-0.1
1781157362.1353147,59.69117021560669,A1_HOLDING_SERVO_ON,A1_HOLDING_SERVO_ON_R03_20260611_125501,delta-asda-b3-e,1616,VE|SOD|TR,1,0,-7097,0,-1,-0.00427,-1,-0.002391,298,49,4270,2391,6000,,0,,,,holding,normal,0,no_load,none,"A1: Servo ON, shaft stationary",servo-app/lab-0.1
1781157362.235978,59.79183340072632,A1_HOLDING_SERVO_ON,A1_HOLDING_SERVO_ON_R03_20260611_125501,delta-asda-b3-e,1616,VE|SOD|TR,1,0,-7101,0,-1,-0.00427,0,0.0,299,49,4270,2391,6000,,0,,,,holding,normal,0,no_load,none,"A1: Servo ON, shaft stationary",servo-app/lab-0.1
1781157362.3364108,59.892266273498535,A1_HOLDING_SERVO_ON,A1_HOLDING_SERVO_ON_R03_20260611_125501,delta-asda-b3-e,1616,VE|SOD|TR,1,0,-7101,0,-1,-0.00427,-1,-0.002391,298,49,4270,2391,6000,,0,,,,holding,normal,0,no_load,none,"A1: Servo ON, shaft stationary",servo-app/lab-0.1
1781157362.4367542,59.99260973930359,A1_HOLDING_SERVO_ON,A1_HOLDING_SERVO_ON_R03_20260611_125501,delta-asda-b3-e,1616,VE|SOD|TR,1,0,-7101,0,0,0.0,0,0.0,299,49,4270,2391,6000,,0,,,,holding,normal,0,no_load,none,"A1: Servo ON, shaft stationary",servo-app/lab-0.1
1781157362.5371728,60.09302830696106,A1_HOLDING_SERVO_ON,A1_HOLDING_SERVO_ON_R03_20260611_125501,delta-asda-b3-e,1616,VE|SOD|TR,1,0,-7101,0,0,0.0,0,0.0,298,49,4270,2391,6000,,0,,,,holding,normal,0,no_load,none,"A1: Servo ON, shaft stationary",servo-app/lab-0.1
1781157362.637346,60.193201541900635,A1_HOLDING_SERVO_ON,A1_HOLDING_SERVO_ON_R03_20260611_125501,delta-asda-b3-e,1616,VE|SOD|TR,1,0,-7097,0,-1,-0.00427,0,0.0,298,49,4270,2391,6000,,0,,,,holding,normal,0,no_load,none,"A1: Servo ON, shaft stationary",servo-app/lab-0.1
1781157362.7374935,60.29334902763367,A1_HOLDING_SERVO_ON,A1_HOLDING_SERVO_ON_R03_20260611_125501,delta-asda-b3-e,1616,VE|SOD|TR,1,0,-7091,0,-1,-0.00427,0,0.0,299,49,4270,2391,6000,,0,,,,holding,normal,0,no_load,none,"A1: Servo ON, shaft stationary",servo-app/lab-0.1
1781157362.8379722,60.39382767677307,A1_HOLDING_SERVO_ON,A1_HOLDING_SERVO_ON_R03_20260611_125501,delta-asda-b3-e,1616,VE|SOD|TR,1,0,-7101,0,0,0.0,0,0.0,298,49,4270,2391,6000,,0,,,,holding,normal,0,no_load,none,"A1: Servo ON, shaft stationary",servo-app/lab-0.1
1781157362.9386742,60.494529724121094,A1_HOLDING_SERVO_ON,A1_HOLDING_SERVO_ON_R03_20260611_125501,delta-asda-b3-e,1616,VE|SOD|TR,1,0,-7101,0,0,0.0,-1,-0.002391,298,49,4270,2391,6000,,0,,,,holding,normal,0,no_load,none,"A1: Servo ON, shaft stationary",servo-app/lab-0.1
1781157363.0391388,60.59499430656433,A1_HOLDING_SERVO_ON,A1_HOLDING_SERVO_ON_R03_20260611_125501,delta-asda-b3-e,1616,VE|SOD|TR,1,0,-7101,0,-1,-0.00427,0,0.0,298,49,4270,2391,6000,,0,,,,holding,normal,0,no_load,none,"A1: Servo ON, shaft stationary",servo-app/lab-0.1
1781157363.1397212,60.695576667785645,A1_HOLDING_SERVO_ON,A1_HOLDING_SERVO_ON_R03_20260611_125501,delta-asda-b3-e,1616,VE|SOD|TR,1,0,-7101,0,-1,-0.00427,0,0.0,298,49,4270,2391,6000,,0,,,,holding,normal,0,no_load,none,"A1: Servo ON, shaft stationary",servo-app/lab-0.1
1781157363.239947,60.7958025932312,A1_HOLDING_SERVO_ON,A1_HOLDING_SERVO_ON_R03_20260611_125501,delta-asda-b3-e,1616,VE|SOD|TR,1,0,-7101,0,0,0.0,-1,-0.002391,298,49,4270,2391,6000,,0,,,,holding,normal,0,no_load,none,"A1: Servo ON, shaft stationary",servo-app/lab-0.1
1781157363.340388,60.89624357223511,A1_HOLDING_SERVO_ON,A1_HOLDING_SERVO_ON_R03_20260611_125501,delta-asda-b3-e,1616,VE|SOD|TR,1,0,-7101,0,0,0.0,-1,-0.002391,298,49,4270,2391,6000,,0,,,,holding,normal,0,no_load,none,"A1: Servo ON, shaft stationary",servo-app/lab-0.1
1781157363.440475,60.99633049964905,A1_HOLDING_SERVO_ON,A1_HOLDING_SERVO_ON_R03_20260611_125501,delta-asda-b3-e,1616,VE|SOD|TR,1,0,-7101,0,0,0.0,0,0.0,298,49,4270,2391,6000,,0,,,,holding,normal,0,no_load,none,"A1: Servo ON, shaft stationary",servo-app/lab-0.1
1781157363.5409756,61.09683108329773,A1_HOLDING_SERVO_ON,A1_HOLDING_SERVO_ON_R03_20260611_125501,delta-asda-b3-e,1616,VE|SOD|TR,1,0,-7095,0,-1,-0.00427,0,0.0,298,49,4270,2391,6000,,0,,,,holding,normal,0,no_load,none,"A1: Servo ON, shaft stationary",servo-app/lab-0.1
1781157363.6412022,61.19705772399902,A1_HOLDING_SERVO_ON,A1_HOLDING_SERVO_ON_R03_20260611_125501,delta-asda-b3-e,1616,VE|SOD|TR,1,0,-7095,0,-1,-0.00427,0,0.0,298,49,4270,2391,6000,,0,,,,holding,normal,0,no_load,none,"A1: Servo ON, shaft stationary",servo-app/lab-0.1
1781157363.7416792,61.297534704208374,A1_HOLDING_SERVO_ON,A1_HOLDING_SERVO_ON_R03_20260611_125501,delta-asda-b3-e,1616,VE|SOD|TR,1,0,-7101,0,0,0.0,0,0.0,298,49,4270,2391,6000,,0,,,,holding,normal,0,no_load,none,"A1: Servo ON, shaft stationary",servo-app/lab-0.1
1781157363.8419025,61.39775800704956,A1_HOLDING_SERVO_ON,A1_HOLDING_SERVO_ON_R03_20260611_125501,delta-asda-b3-e,1616,VE|SOD|TR,1,0,-7101,0,0,0.0,0,0.0,299,49,4270,2391,6000,,0,,,,holding,normal,0,no_load,none,"A1: Servo ON, shaft stationary",servo-app/lab-0.1
1781157363.9422336,61.4980890750885,A1_HOLDING_SERVO_ON,A1_HOLDING_SERVO_ON_R03_20260611_125501,delta-asda-b3-e,1616,VE|SOD|TR,1,0,-7101,0,-1,-0.00427,-1,-0.002391,299,49,4270,2391,6000,,0,,,,holding,normal,0,no_load,none,"A1: Servo ON, shaft stationary",servo-app/lab-0.1
1781157364.042674,61.59852957725525,A1_HOLDING_SERVO_ON,A1_HOLDING_SERVO_ON_R03_20260611_125501,delta-asda-b3-e,1616,VE|SOD|TR,1,0,-7097,0,0,0.0,-1,-0.002391,298,49,4270,2391,6000,,0,,,,holding,normal,0,no_load,none,"A1: Servo ON, shaft stationary",servo-app/lab-0.1
1781157364.1429467,61.69880223274231,A1_HOLDING_SERVO_ON,A1_HOLDING_SERVO_ON_R03_20260611_125501,delta-asda-b3-e,1616,VE|SOD|TR,1,0,-7101,0,-1,-0.00427,0,0.0,298,49,4270,2391,6000,,0,,,,holding,normal,0,no_load,none,"A1: Servo ON, shaft stationary",servo-app/lab-0.1
1781157364.2430286,61.79888415336609,A1_HOLDING_SERVO_ON,A1_HOLDING_SERVO_ON_R03_20260611_125501,delta-asda-b3-e,1616,VE|SOD|TR,1,0,-7101,0,0,0.0,-1,-0.002391,299,49,4270,2391,6000,,0,,,,holding,normal,0,no_load,none,"A1: Servo ON, shaft stationary",servo-app/lab-0.1
1781157364.3431792,61.89903473854065,A1_HOLDING_SERVO_ON,A1_HOLDING_SERVO_ON_R03_20260611_125501,delta-asda-b3-e,1616,VE|SOD|TR,1,0,-7101,0,-1,-0.00427,-1,-0.002391,299,49,4270,2391,6000,,0,,,,holding,normal,0,no_load,none,"A1: Servo ON, shaft stationary",servo-app/lab-0.1
1781157364.443226,61.9990816116333,A1_HOLDING_SERVO_ON,A1_HOLDING_SERVO_ON_R03_20260611_125501,delta-asda-b3-e,1616,VE|SOD|TR,1,0,-7101,0,0,0.0,0,0.0,298,49,4270,2391,6000,,0,,,,holding,normal,0,no_load,none,"A1: Servo ON, shaft stationary",servo-app/lab-0.1
1781157364.5718224,62.12767791748047,A1_HOLDING_SERVO_ON,A1_HOLDING_SERVO_ON_R03_20260611_125501,delta-asda-b3-e,1616,VE|SOD|TR,1,0,-7101,0,0,0.0,-1,-0.002391,299,49,4270,2391,6000,,0,,,,holding,normal,0,no_load,none,"A1: Servo ON, shaft stationary",servo-app/lab-0.1
1781157364.6719737,62.22782921791077,A1_HOLDING_SERVO_ON,A1_HOLDING_SERVO_ON_R03_20260611_125501,delta-asda-b3-e,1616,VE|SOD|TR,1,0,-7101,0,0,0.0,-1,-0.002391,299,49,4270,2391,6000,,0,,,,holding,normal,0,no_load,none,"A1: Servo ON, shaft stationary",servo-app/lab-0.1
1781157364.7721093,62.327964782714844,A1_HOLDING_SERVO_ON,A1_HOLDING_SERVO_ON_R03_20260611_125501,delta-asda-b3-e,1616,VE|SOD|TR,1,0,-7101,0,-1,-0.00427,-1,-0.002391,299,49,4270,2391,6000,,0,,,,holding,normal,0,no_load,none,"A1: Servo ON, shaft stationary",servo-app/lab-0.1
1781157364.872711,62.428566455841064,A1_HOLDING_SERVO_ON,A1_HOLDING_SERVO_ON_R03_20260611_125501,delta-asda-b3-e,1616,VE|SOD|TR,1,0,-7097,0,-1,-0.00427,0,0.0,299,49,4270,2391,6000,,0,,,,holding,normal,0,no_load,none,"A1: Servo ON, shaft stationary",servo-app/lab-0.1
1781157364.9728649,62.52872037887573,A1_HOLDING_SERVO_ON,A1_HOLDING_SERVO_ON_R03_20260611_125501,delta-asda-b3-e,1616,VE|SOD|TR,1,0,-7087,0,0,0.0,0,0.0,299,49,4270,2391,6000,,0,,,,holding,normal,0,no_load,none,"A1: Servo ON, shaft stationary",servo-app/lab-0.1
1781157365.0729332,62.6287887096405,A1_HOLDING_SERVO_ON,A1_HOLDING_SERVO_ON_R03_20260611_125501,delta-asda-b3-e,1616,VE|SOD|TR,1,0,-7101,0,-1,-0.00427,-1,-0.002391,298,49,4270,2391,6000,,0,,,,holding,normal,0,no_load,none,"A1: Servo ON, shaft stationary",servo-app/lab-0.1
1781157365.1731544,62.72900986671448,A1_HOLDING_SERVO_ON,A1_HOLDING_SERVO_ON_R03_20260611_125501,delta-asda-b3-e,1616,VE|SOD|TR,1,0,-7101,0,0,0.0,0,0.0,299,49,4270,2391,6000,,0,,,,holding,normal,0,no_load,none,"A1: Servo ON, shaft stationary",servo-app/lab-0.1
1781157365.2738655,62.829720973968506,A1_HOLDING_SERVO_ON,A1_HOLDING_SERVO_ON_R03_20260611_125501,delta-asda-b3-e,1616,VE|SOD|TR,1,0,-7091,0,0,0.0,-1,-0.002391,299,49,4270,2391,6000,,0,,,,holding,normal,0,no_load,none,"A1: Servo ON, shaft stationary",servo-app/lab-0.1
1781157365.3741605,62.930016040802,A1_HOLDING_SERVO_ON,A1_HOLDING_SERVO_ON_R03_20260611_125501,delta-asda-b3-e,1616,VE|SOD|TR,1,0,-7101,0,-1,-0.00427,-1,-0.002391,298,49,4270,2391,6000,,0,,,,holding,normal,0,no_load,none,"A1: Servo ON, shaft stationary",servo-app/lab-0.1
1781157365.474305,63.030160427093506,A1_HOLDING_SERVO_ON,A1_HOLDING_SERVO_ON_R03_20260611_125501,delta-asda-b3-e,1616,VE|SOD|TR,1,0,-7101,0,-1,-0.00427,-1,-0.002391,299,49,4270,2391,6000,,0,,,,holding,normal,0,no_load,none,"A1: Servo ON, shaft stationary",servo-app/lab-0.1
1781157365.5745425,63.13039803504944,A1_HOLDING_SERVO_ON,A1_HOLDING_SERVO_ON_R03_20260611_125501,delta-asda-b3-e,1616,VE|SOD|TR,1,0,-7091,0,-1,-0.00427,0,0.0,299,49,4270,2391,6000,,0,,,,holding,normal,0,no_load,none,"A1: Servo ON, shaft stationary",servo-app/lab-0.1
1781157365.675332,63.23118758201599,A1_HOLDING_SERVO_ON,A1_HOLDING_SERVO_ON_R03_20260611_125501,delta-asda-b3-e,1616,VE|SOD|TR,1,0,-7101,0,0,0.0,-1,-0.002391,298,49,4270,2391,6000,,0,,,,holding,normal,0,no_load,none,"A1: Servo ON, shaft stationary",servo-app/lab-0.1
1781157365.775892,63.33174753189087,A1_HOLDING_SERVO_ON,A1_HOLDING_SERVO_ON_R03_20260611_125501,delta-asda-b3-e,1616,VE|SOD|TR,1,0,-7091,0,0,0.0,0,0.0,299,49,4270,2391,6000,,0,,,,holding,normal,0,no_load,none,"A1: Servo ON, shaft stationary",servo-app/lab-0.1
1781157365.8763673,63.432222843170166,A1_HOLDING_SERVO_ON,A1_HOLDING_SERVO_ON_R03_20260611_125501,delta-asda-b3-e,1616,VE|SOD|TR,1,0,-7101,0,-1,-0.00427,0,0.0,299,49,4270,2391,6000,,0,,,,holding,normal,0,no_load,none,"A1: Servo ON, shaft stationary",servo-app/lab-0.1
1781157365.9767933,63.53264880180359,A1_HOLDING_SERVO_ON,A1_HOLDING_SERVO_ON_R03_20260611_125501,delta-asda-b3-e,1616,VE|SOD|TR,1,0,-7101,0,-1,-0.00427,0,0.0,299,49,4270,2391,6000,,0,,,,holding,normal,0,no_load,none,"A1: Servo ON, shaft stationary",servo-app/lab-0.1
1781157366.077303,63.633158445358276,A1_HOLDING_SERVO_ON,A1_HOLDING_SERVO_ON_R03_20260611_125501,delta-asda-b3-e,1616,VE|SOD|TR,1,0,-7097,0,-1,-0.00427,0,0.0,298,49,4270,2391,6000,,0,,,,holding,normal,0,no_load,none,"A1: Servo ON, shaft stationary",servo-app/lab-0.1
1781157366.177398,63.733253479003906,A1_HOLDING_SERVO_ON,A1_HOLDING_SERVO_ON_R03_20260611_125501,delta-asda-b3-e,1616,VE|SOD|TR,1,0,-7095,0,0,0.0,0,0.0,299,49,4270,2391,6000,,0,,,,holding,normal,0,no_load,none,"A1: Servo ON, shaft stationary",servo-app/lab-0.1
1781157366.2779202,63.833775758743286,A1_HOLDING_SERVO_ON,A1_HOLDING_SERVO_ON_R03_20260611_125501,delta-asda-b3-e,1616,VE|SOD|TR,1,0,-7101,0,0,0.0,-1,-0.002391,298,49,4270,2391,6000,,0,,,,holding,normal,0,no_load,none,"A1: Servo ON, shaft stationary",servo-app/lab-0.1
1781157366.3782692,63.93412470817566,A1_HOLDING_SERVO_ON,A1_HOLDING_SERVO_ON_R03_20260611_125501,delta-asda-b3-e,1616,VE|SOD|TR,1,0,-7095,0,-1,-0.00427,0,0.0,299,49,4270,2391,6000,,0,,,,holding,normal,0,no_load,none,"A1: Servo ON, shaft stationary",servo-app/lab-0.1
1781157366.4789276,64.0347831249237,A1_HOLDING_SERVO_ON,A1_HOLDING_SERVO_ON_R03_20260611_125501,delta-asda-b3-e,1616,VE|SOD|TR,1,0,-7101,0,0,0.0,0,0.0,299,49,4270,2391,6000,,0,,,,holding,normal,0,no_load,none,"A1: Servo ON, shaft stationary",servo-app/lab-0.1
1781157366.5794067,64.13526225090027,A1_HOLDING_SERVO_ON,A1_HOLDING_SERVO_ON_R03_20260611_125501,delta-asda-b3-e,1616,VE|SOD|TR,1,0,-7101,0,0,0.0,0,0.0,298,49,4270,2391,6000,,0,,,,holding,normal,0,no_load,none,"A1: Servo ON, shaft stationary",servo-app/lab-0.1
1781157366.6799273,64.2357828617096,A1_HOLDING_SERVO_ON,A1_HOLDING_SERVO_ON_R03_20260611_125501,delta-asda-b3-e,1616,VE|SOD|TR,1,0,-7101,0,0,0.0,-1,-0.002391,298,49,4270,2391,6000,,0,,,,holding,normal,0,no_load,none,"A1: Servo ON, shaft stationary",servo-app/lab-0.1
1781157366.7802382,64.33609366416931,A1_HOLDING_SERVO_ON,A1_HOLDING_SERVO_ON_R03_20260611_125501,delta-asda-b3-e,1616,VE|SOD|TR,1,0,-7101,0,0,0.0,0,0.0,299,49,4270,2391,6000,,0,,,,holding,normal,0,no_load,none,"A1: Servo ON, shaft stationary",servo-app/lab-0.1
1781157366.8805394,64.43639492988586,A1_HOLDING_SERVO_ON,A1_HOLDING_SERVO_ON_R03_20260611_125501,delta-asda-b3-e,1616,VE|SOD|TR,1,0,-7101,0,0,0.0,0,0.0,299,49,4270,2391,6000,,0,,,,holding,normal,0,no_load,none,"A1: Servo ON, shaft stationary",servo-app/lab-0.1
1781157366.9814415,64.53729701042175,A1_HOLDING_SERVO_ON,A1_HOLDING_SERVO_ON_R03_20260611_125501,delta-asda-b3-e,1616,VE|SOD|TR,1,0,-7097,0,0,0.0,-1,-0.002391,298,49,4270,2391,6000,,0,,,,holding,normal,0,no_load,none,"A1: Servo ON, shaft stationary",servo-app/lab-0.1
1781157367.0818994,64.63775491714478,A1_HOLDING_SERVO_ON,A1_HOLDING_SERVO_ON_R03_20260611_125501,delta-asda-b3-e,1616,VE|SOD|TR,1,0,-7091,0,-1,-0.00427,0,0.0,299,49,4270,2391,6000,,0,,,,holding,normal,0,no_load,none,"A1: Servo ON, shaft stationary",servo-app/lab-0.1
1781157367.1826227,64.73847818374634,A1_HOLDING_SERVO_ON,A1_HOLDING_SERVO_ON_R03_20260611_125501,delta-asda-b3-e,1616,VE|SOD|TR,1,0,-7097,0,-1,-0.00427,-1,-0.002391,299,49,4270,2391,6000,,0,,,,holding,normal,0,no_load,none,"A1: Servo ON, shaft stationary",servo-app/lab-0.1
1781157367.2829432,64.8387987613678,A1_HOLDING_SERVO_ON,A1_HOLDING_SERVO_ON_R03_20260611_125501,delta-asda-b3-e,1616,VE|SOD|TR,1,0,-7101,0,-1,-0.00427,-1,-0.002391,299,49,4270,2391,6000,,0,,,,holding,normal,0,no_load,none,"A1: Servo ON, shaft stationary",servo-app/lab-0.1
1781157367.3834174,64.9392728805542,A1_HOLDING_SERVO_ON,A1_HOLDING_SERVO_ON_R03_20260611_125501,delta-asda-b3-e,1616,VE|SOD|TR,1,0,-7087,0,-1,-0.00427,0,0.0,299,49,4270,2391,6000,,0,,,,holding,normal,0,no_load,none,"A1: Servo ON, shaft stationary",servo-app/lab-0.1
1781157367.4836633,65.0395188331604,A1_HOLDING_SERVO_ON,A1_HOLDING_SERVO_ON_R03_20260611_125501,delta-asda-b3-e,1616,VE|SOD|TR,1,0,-7097,0,-1,-0.00427,0,0.0,299,49,4270,2391,6000,,0,,,,holding,normal,0,no_load,none,"A1: Servo ON, shaft stationary",servo-app/lab-0.1
1781157367.5838223,65.13967776298523,A1_HOLDING_SERVO_ON,A1_HOLDING_SERVO_ON_R03_20260611_125501,delta-asda-b3-e,1616,VE|SOD|TR,1,0,-7097,0,-1,-0.00427,-1,-0.002391,299,49,4270,2391,6000,,0,,,,holding,normal,0,no_load,none,"A1: Servo ON, shaft stationary",servo-app/lab-0.1
1781157367.684321,65.24017643928528,A1_HOLDING_SERVO_ON,A1_HOLDING_SERVO_ON_R03_20260611_125501,delta-asda-b3-e,1616,VE|SOD|TR,1,0,-7101,0,0,0.0,0,0.0,299,49,4270,2391,6000,,0,,,,holding,normal,0,no_load,none,"A1: Servo ON, shaft stationary",servo-app/lab-0.1
1781157367.7843945,65.34025001525879,A1_HOLDING_SERVO_ON,A1_HOLDING_SERVO_ON_R03_20260611_125501,delta-asda-b3-e,1616,VE|SOD|TR,1,0,-7101,0,0,0.0,-1,-0.002391,299,49,4270,2391,6000,,0,,,,holding,normal,0,no_load,none,"A1: Servo ON, shaft stationary",servo-app/lab-0.1
1781157367.8848834,65.4407389163971,A1_HOLDING_SERVO_ON,A1_HOLDING_SERVO_ON_R03_20260611_125501,delta-asda-b3-e,1616,VE|SOD|TR,1,0,-7101,0,-1,-0.00427,-1,-0.002391,299,49,4270,2391,6000,,0,,,,holding,normal,0,no_load,none,"A1: Servo ON, shaft stationary",servo-app/lab-0.1
1781157367.9851587,65.54101419448853,A1_HOLDING_SERVO_ON,A1_HOLDING_SERVO_ON_R03_20260611_125501,delta-asda-b3-e,1616,VE|SOD|TR,1,0,-7097,0,0,0.0,-1,-0.002391,298,49,4270,2391,6000,,0,,,,holding,normal,0,no_load,none,"A1: Servo ON, shaft stationary",servo-app/lab-0.1
1781157368.0853078,65.64116334915161,A1_HOLDING_SERVO_ON,A1_HOLDING_SERVO_ON_R03_20260611_125501,delta-asda-b3-e,1616,VE|SOD|TR,1,0,-7097,0,-1,-0.00427,0,0.0,298,49,4270,2391,6000,,0,,,,holding,normal,0,no_load,none,"A1: Servo ON, shaft stationary",servo-app/lab-0.1
1781157368.185973,65.74182844161987,A1_HOLDING_SERVO_ON,A1_HOLDING_SERVO_ON_R03_20260611_125501,delta-asda-b3-e,1616,VE|SOD|TR,1,0,-7101,0,0,0.0,0,0.0,298,49,4270,2391,6000,,0,,,,holding,normal,0,no_load,none,"A1: Servo ON, shaft stationary",servo-app/lab-0.1
1781157368.286287,65.8421425819397,A1_HOLDING_SERVO_ON,A1_HOLDING_SERVO_ON_R03_20260611_125501,delta-asda-b3-e,1616,VE|SOD|TR,1,0,-7101,0,0,0.0,-1,-0.002391,298,49,4270,2391,6000,,0,,,,holding,normal,0,no_load,none,"A1: Servo ON, shaft stationary",servo-app/lab-0.1
1781157368.3865736,65.94242906570435,A1_HOLDING_SERVO_ON,A1_HOLDING_SERVO_ON_R03_20260611_125501,delta-asda-b3-e,1616,VE|SOD|TR,1,0,-7097,0,0,0.0,-1,-0.002391,298,49,4270,2391,6000,,0,,,,holding,normal,0,no_load,none,"A1: Servo ON, shaft stationary",servo-app/lab-0.1
1781157368.4870822,66.04293775558472,A1_HOLDING_SERVO_ON,A1_HOLDING_SERVO_ON_R03_20260611_125501,delta-asda-b3-e,1616,VE|SOD|TR,1,0,-7095,0,-1,-0.00427,0,0.0,298,49,4270,2391,6000,,0,,,,holding,normal,0,no_load,none,"A1: Servo ON, shaft stationary",servo-app/lab-0.1
1781157368.5877202,66.14357566833496,A1_HOLDING_SERVO_ON,A1_HOLDING_SERVO_ON_R03_20260611_125501,delta-asda-b3-e,1616,VE|SOD|TR,1,0,-7091,0,0,0.0,0,0.0,298,49,4270,2391,6000,,0,,,,holding,normal,0,no_load,none,"A1: Servo ON, shaft stationary",servo-app/lab-0.1
1781157368.6879585,66.24381399154663,A1_HOLDING_SERVO_ON,A1_HOLDING_SERVO_ON_R03_20260611_125501,delta-asda-b3-e,1616,VE|SOD|TR,1,0,-7101,0,-1,-0.00427,0,0.0,298,49,4270,2391,6000,,0,,,,holding,normal,0,no_load,none,"A1: Servo ON, shaft stationary",servo-app/lab-0.1
1781157368.7881553,66.34401082992554,A1_HOLDING_SERVO_ON,A1_HOLDING_SERVO_ON_R03_20260611_125501,delta-asda-b3-e,1616,VE|SOD|TR,1,0,-7101,0,0,0.0,0,0.0,299,49,4270,2391,6000,,0,,,,holding,normal,0,no_load,none,"A1: Servo ON, shaft stationary",servo-app/lab-0.1
1781157368.888662,66.44451761245728,A1_HOLDING_SERVO_ON,A1_HOLDING_SERVO_ON_R03_20260611_125501,delta-asda-b3-e,1616,VE|SOD|TR,1,0,-7101,0,-1,-0.00427,0,0.0,298,49,4270,2391,6000,,0,,,,holding,normal,0,no_load,none,"A1: Servo ON, shaft stationary",servo-app/lab-0.1
1781157368.9889042,66.54475975036621,A1_HOLDING_SERVO_ON,A1_HOLDING_SERVO_ON_R03_20260611_125501,delta-asda-b3-e,1616,VE|SOD|TR,1,0,-7101,0,-1,-0.00427,0,0.0,298,49,4270,2391,6000,,0,,,,holding,normal,0,no_load,none,"A1: Servo ON, shaft stationary",servo-app/lab-0.1
1781157369.089025,66.64488053321838,A1_HOLDING_SERVO_ON,A1_HOLDING_SERVO_ON_R03_20260611_125501,delta-asda-b3-e,1616,VE|SOD|TR,1,0,-7095,0,0,0.0,0,0.0,298,49,4270,2391,6000,,0,,,,holding,normal,0,no_load,none,"A1: Servo ON, shaft stationary",servo-app/lab-0.1
1781157369.189234,66.74508953094482,A1_HOLDING_SERVO_ON,A1_HOLDING_SERVO_ON_R03_20260611_125501,delta-asda-b3-e,1616,VE|SOD|TR,1,0,-7101,0,-1,-0.00427,-1,-0.002391,298,49,4270,2391,6000,,0,,,,holding,normal,0,no_load,none,"A1: Servo ON, shaft stationary",servo-app/lab-0.1
1781157369.2895694,66.84542489051819,A1_HOLDING_SERVO_ON,A1_HOLDING_SERVO_ON_R03_20260611_125501,delta-asda-b3-e,1616,VE|SOD|TR,1,0,-7097,0,0,0.0,0,0.0,298,49,4270,2391,6000,,0,,,,holding,normal,0,no_load,none,"A1: Servo ON, shaft stationary",servo-app/lab-0.1
1781157369.3899488,66.94580435752869,A1_HOLDING_SERVO_ON,A1_HOLDING_SERVO_ON_R03_20260611_125501,delta-asda-b3-e,1616,VE|SOD|TR,1,0,-7101,0,-1,-0.00427,0,0.0,298,49,4270,2391,6000,,0,,,,holding,normal,0,no_load,none,"A1: Servo ON, shaft stationary",servo-app/lab-0.1
1781157369.4902806,67.04613614082336,A1_HOLDING_SERVO_ON,A1_HOLDING_SERVO_ON_R03_20260611_125501,delta-asda-b3-e,1616,VE|SOD|TR,1,0,-7101,0,-1,-0.00427,-1,-0.002391,298,49,4270,2391,6000,,0,,,,holding,normal,0,no_load,none,"A1: Servo ON, shaft stationary",servo-app/lab-0.1
1781157369.5906675,67.14652299880981,A1_HOLDING_SERVO_ON,A1_HOLDING_SERVO_ON_R03_20260611_125501,delta-asda-b3-e,1616,VE|SOD|TR,1,0,-7101,0,0,0.0,0,0.0,298,49,4270,2391,6000,,0,,,,holding,normal,0,no_load,none,"A1: Servo ON, shaft stationary",servo-app/lab-0.1
1781157369.691064,67.24691939353943,A1_HOLDING_SERVO_ON,A1_HOLDING_SERVO_ON_R03_20260611_125501,delta-asda-b3-e,1616,VE|SOD|TR,1,0,-7101,0,-1,-0.00427,-1,-0.002391,298,49,4270,2391,6000,,0,,,,holding,normal,0,no_load,none,"A1: Servo ON, shaft stationary",servo-app/lab-0.1
1781157369.791345,67.34720039367676,A1_HOLDING_SERVO_ON,A1_HOLDING_SERVO_ON_R03_20260611_125501,delta-asda-b3-e,1616,VE|SOD|TR,1,0,-7101,0,0,0.0,-1,-0.002391,298,49,4270,2391,6000,,0,,,,holding,normal,0,no_load,none,"A1: Servo ON, shaft stationary",servo-app/lab-0.1
1781157369.8918848,67.44774031639099,A1_HOLDING_SERVO_ON,A1_HOLDING_SERVO_ON_R03_20260611_125501,delta-asda-b3-e,1616,VE|SOD|TR,1,0,-7101,0,0,0.0,0,0.0,298,49,4270,2391,6000,,0,,,,holding,normal,0,no_load,none,"A1: Servo ON, shaft stationary",servo-app/lab-0.1
1781157369.99219,67.54804539680481,A1_HOLDING_SERVO_ON,A1_HOLDING_SERVO_ON_R03_20260611_125501,delta-asda-b3-e,1616,VE|SOD|TR,1,0,-7101,0,-1,-0.00427,0,0.0,298,49,4270,2391,6000,,0,,,,holding,normal,0,no_load,none,"A1: Servo ON, shaft stationary",servo-app/lab-0.1
1781157370.0923736,67.64822912216187,A1_HOLDING_SERVO_ON,A1_HOLDING_SERVO_ON_R03_20260611_125501,delta-asda-b3-e,1616,VE|SOD|TR,1,0,-7101,0,-1,-0.00427,-1,-0.002391,298,49,4270,2391,6000,,0,,,,holding,normal,0,no_load,none,"A1: Servo ON, shaft stationary",servo-app/lab-0.1
1781157370.1929948,67.74885034561157,A1_HOLDING_SERVO_ON,A1_HOLDING_SERVO_ON_R03_20260611_125501,delta-asda-b3-e,1616,VE|SOD|TR,1,0,-7101,0,-1,-0.00427,0,0.0,298,49,4270,2391,6000,,0,,,,holding,normal,0,no_load,none,"A1: Servo ON, shaft stationary",servo-app/lab-0.1
1781157370.293195,67.84905052185059,A1_HOLDING_SERVO_ON,A1_HOLDING_SERVO_ON_R03_20260611_125501,delta-asda-b3-e,1616,VE|SOD|TR,1,0,-7101,0,-1,-0.00427,-1,-0.002391,298,49,4270,2391,6000,,0,,,,holding,normal,0,no_load,none,"A1: Servo ON, shaft stationary",servo-app/lab-0.1
1781157370.3937442,67.9495997428894,A1_HOLDING_SERVO_ON,A1_HOLDING_SERVO_ON_R03_20260611_125501,delta-asda-b3-e,1616,VE|SOD|TR,1,0,-7101,0,-1,-0.00427,-1,-0.002391,298,49,4270,2391,6000,,0,,,,holding,normal,0,no_load,none,"A1: Servo ON, shaft stationary",servo-app/lab-0.1
1781157370.4941633,68.05001878738403,A1_HOLDING_SERVO_ON,A1_HOLDING_SERVO_ON_R03_20260611_125501,delta-asda-b3-e,1616,VE|SOD|TR,1,0,-7101,0,0,0.0,0,0.0,298,49,4270,2391,6000,,0,,,,holding,normal,0,no_load,none,"A1: Servo ON, shaft stationary",servo-app/lab-0.1
1781157370.5946648,68.15052032470703,A1_HOLDING_SERVO_ON,A1_HOLDING_SERVO_ON_R03_20260611_125501,delta-asda-b3-e,1616,VE|SOD|TR,1,0,-7101,0,-1,-0.00427,-1,-0.002391,299,49,4270,2391,6000,,0,,,,holding,normal,0,no_load,none,"A1: Servo ON, shaft stationary",servo-app/lab-0.1
1781157370.69482,68.2506754398346,A1_HOLDING_SERVO_ON,A1_HOLDING_SERVO_ON_R03_20260611_125501,delta-asda-b3-e,1616,VE|SOD|TR,1,0,-7091,0,-1,-0.00427,-1,-0.002391,299,49,4270,2391,6000,,0,,,,holding,normal,0,no_load,none,"A1: Servo ON, shaft stationary",servo-app/lab-0.1
1781157370.7952306,68.35108613967896,A1_HOLDING_SERVO_ON,A1_HOLDING_SERVO_ON_R03_20260611_125501,delta-asda-b3-e,1616,VE|SOD|TR,1,0,-7105,0,-1,-0.00427,0,0.0,298,49,4270,2391,6000,,0,,,,holding,normal,0,no_load,none,"A1: Servo ON, shaft stationary",servo-app/lab-0.1
1781157370.8956597,68.4515151977539,A1_HOLDING_SERVO_ON,A1_HOLDING_SERVO_ON_R03_20260611_125501,delta-asda-b3-e,1616,VE|SOD|TR,1,0,-7097,0,-1,-0.00427,0,0.0,299,49,4270,2391,6000,,0,,,,holding,normal,0,no_load,none,"A1: Servo ON, shaft stationary",servo-app/lab-0.1
1781157370.996121,68.55197644233704,A1_HOLDING_SERVO_ON,A1_HOLDING_SERVO_ON_R03_20260611_125501,delta-asda-b3-e,1616,VE|SOD|TR,1,0,-7097,0,0,0.0,0,0.0,298,49,4270,2391,6000,,0,,,,holding,normal,0,no_load,none,"A1: Servo ON, shaft stationary",servo-app/lab-0.1
1781157371.0963843,68.65223979949951,A1_HOLDING_SERVO_ON,A1_HOLDING_SERVO_ON_R03_20260611_125501,delta-asda-b3-e,1616,VE|SOD|TR,1,0,-7101,0,-1,-0.00427,-1,-0.002391,299,49,4270,2391,6000,,0,,,,holding,normal,0,no_load,none,"A1: Servo ON, shaft stationary",servo-app/lab-0.1
1781157371.196662,68.75251746177673,A1_HOLDING_SERVO_ON,A1_HOLDING_SERVO_ON_R03_20260611_125501,delta-asda-b3-e,1616,VE|SOD|TR,1,0,-7101,0,0,0.0,0,0.0,298,49,4270,2391,6000,,0,,,,holding,normal,0,no_load,none,"A1: Servo ON, shaft stationary",servo-app/lab-0.1
1781157371.2969575,68.85281300544739,A1_HOLDING_SERVO_ON,A1_HOLDING_SERVO_ON_R03_20260611_125501,delta-asda-b3-e,1616,VE|SOD|TR,1,0,-7097,0,-1,-0.00427,0,0.0,298,49,4270,2391,6000,,0,,,,holding,normal,0,no_load,none,"A1: Servo ON, shaft stationary",servo-app/lab-0.1
1781157371.39711,68.95296549797058,A1_HOLDING_SERVO_ON,A1_HOLDING_SERVO_ON_R03_20260611_125501,delta-asda-b3-e,1616,VE|SOD|TR,1,0,-7101,0,0,0.0,0,0.0,298,49,4270,2391,6000,,0,,,,holding,normal,0,no_load,none,"A1: Servo ON, shaft stationary",servo-app/lab-0.1
1781157371.4974036,69.0532591342926,A1_HOLDING_SERVO_ON,A1_HOLDING_SERVO_ON_R03_20260611_125501,delta-asda-b3-e,1616,VE|SOD|TR,1,0,-7091,0,0,0.0,-1,-0.002391,298,49,4270,2391,6000,,0,,,,holding,normal,0,no_load,none,"A1: Servo ON, shaft stationary",servo-app/lab-0.1
1781157371.597745,69.15360045433044,A1_HOLDING_SERVO_ON,A1_HOLDING_SERVO_ON_R03_20260611_125501,delta-asda-b3-e,1616,VE|SOD|TR,1,0,-7101,0,-1,-0.00427,0,0.0,299,49,4270,2391,6000,,0,,,,holding,normal,0,no_load,none,"A1: Servo ON, shaft stationary",servo-app/lab-0.1
1781157371.6978614,69.2537169456482,A1_HOLDING_SERVO_ON,A1_HOLDING_SERVO_ON_R03_20260611_125501,delta-asda-b3-e,1616,VE|SOD|TR,1,0,-7101,0,0,0.0,0,0.0,299,49,4270,2391,6000,,0,,,,holding,normal,0,no_load,none,"A1: Servo ON, shaft stationary",servo-app/lab-0.1
1781157371.7981153,69.3539707660675,A1_HOLDING_SERVO_ON,A1_HOLDING_SERVO_ON_R03_20260611_125501,delta-asda-b3-e,1616,VE|SOD|TR,1,0,-7101,0,0,0.0,-1,-0.002391,299,49,4270,2391,6000,,0,,,,holding,normal,0,no_load,none,"A1: Servo ON, shaft stationary",servo-app/lab-0.1
1781157371.8986475,69.4545030593872,A1_HOLDING_SERVO_ON,A1_HOLDING_SERVO_ON_R03_20260611_125501,delta-asda-b3-e,1616,VE|SOD|TR,1,0,-7101,0,0,0.0,0,0.0,299,49,4270,2391,6000,,0,,,,holding,normal,0,no_load,none,"A1: Servo ON, shaft stationary",servo-app/lab-0.1
1781157371.9988403,69.55469584465027,A1_HOLDING_SERVO_ON,A1_HOLDING_SERVO_ON_R03_20260611_125501,delta-asda-b3-e,1616,VE|SOD|TR,1,0,-7097,0,0,0.0,-1,-0.002391,298,49,4270,2391,6000,,0,,,,holding,normal,0,no_load,none,"A1: Servo ON, shaft stationary",servo-app/lab-0.1
1781157372.0990424,69.65489792823792,A1_HOLDING_SERVO_ON,A1_HOLDING_SERVO_ON_R03_20260611_125501,delta-asda-b3-e,1616,VE|SOD|TR,1,0,-7101,0,0,0.0,0,0.0,298,49,4270,2391,6000,,0,,,,holding,normal,0,no_load,none,"A1: Servo ON, shaft stationary",servo-app/lab-0.1
1781157372.1992874,69.7551429271698,A1_HOLDING_SERVO_ON,A1_HOLDING_SERVO_ON_R03_20260611_125501,delta-asda-b3-e,1616,VE|SOD|TR,1,0,-7097,0,-1,-0.00427,-1,-0.002391,298,49,4270,2391,6000,,0,,,,holding,normal,0,no_load,none,"A1: Servo ON, shaft stationary",servo-app/lab-0.1
1781157372.2997131,69.85556864738464,A1_HOLDING_SERVO_ON,A1_HOLDING_SERVO_ON_R03_20260611_125501,delta-asda-b3-e,1616,VE|SOD|TR,1,0,-7101,0,0,0.0,0,0.0,299,49,4270,2391,6000,,0,,,,holding,normal,0,no_load,none,"A1: Servo ON, shaft stationary",servo-app/lab-0.1
1781157372.3998482,69.95570373535156,A1_HOLDING_SERVO_ON,A1_HOLDING_SERVO_ON_R03_20260611_125501,delta-asda-b3-e,1616,VE|SOD|TR,1,0,-7101,0,-1,-0.00427,-1,-0.002391,298,49,4270,2391,6000,,0,,,,holding,normal,0,no_load,none,"A1: Servo ON, shaft stationary",servo-app/lab-0.1
1781157372.5006444,70.05649995803833,A1_HOLDING_SERVO_ON,A1_HOLDING_SERVO_ON_R03_20260611_125501,delta-asda-b3-e,1616,VE|SOD|TR,1,0,-7097,0,-1,-0.00427,-1,-0.002391,298,49,4270,2391,6000,,0,,,,holding,normal,0,no_load,none,"A1: Servo ON, shaft stationary",servo-app/lab-0.1
1781157372.6008565,70.1567120552063,A1_HOLDING_SERVO_ON,A1_HOLDING_SERVO_ON_R03_20260611_125501,delta-asda-b3-e,1616,VE|SOD|TR,1,0,-7101,0,0,0.0,-1,-0.002391,298,49,4270,2391,6000,,0,,,,holding,normal,0,no_load,none,"A1: Servo ON, shaft stationary",servo-app/lab-0.1
1781157372.7010734,70.25692892074585,A1_HOLDING_SERVO_ON,A1_HOLDING_SERVO_ON_R03_20260611_125501,delta-asda-b3-e,1616,VE|SOD|TR,1,0,-7097,0,-1,-0.00427,0,0.0,298,49,4270,2391,6000,,0,,,,holding,normal,0,no_load,none,"A1: Servo ON, shaft stationary",servo-app/lab-0.1
1781157372.8012674,70.3571228981018,A1_HOLDING_SERVO_ON,A1_HOLDING_SERVO_ON_R03_20260611_125501,delta-asda-b3-e,1616,VE|SOD|TR,1,0,-7091,0,-1,-0.00427,-1,-0.002391,299,49,4270,2391,6000,,0,,,,holding,normal,0,no_load,none,"A1: Servo ON, shaft stationary",servo-app/lab-0.1
1781157372.9015157,70.4573712348938,A1_HOLDING_SERVO_ON,A1_HOLDING_SERVO_ON_R03_20260611_125501,delta-asda-b3-e,1616,VE|SOD|TR,1,0,-7087,0,0,0.0,-1,-0.002391,299,49,4270,2391,6000,,0,,,,holding,normal,0,no_load,none,"A1: Servo ON, shaft stationary",servo-app/lab-0.1
1781157373.002053,70.55790853500366,A1_HOLDING_SERVO_ON,A1_HOLDING_SERVO_ON_R03_20260611_125501,delta-asda-b3-e,1616,VE|SOD|TR,1,0,-7097,0,0,0.0,0,0.0,298,49,4270,2391,6000,,0,,,,holding,normal,0,no_load,none,"A1: Servo ON, shaft stationary",servo-app/lab-0.1
1781157373.1024237,70.65827918052673,A1_HOLDING_SERVO_ON,A1_HOLDING_SERVO_ON_R03_20260611_125501,delta-asda-b3-e,1616,VE|SOD|TR,1,0,-7097,0,0,0.0,0,0.0,298,49,4270,2391,6000,,0,,,,holding,normal,0,no_load,none,"A1: Servo ON, shaft stationary",servo-app/lab-0.1
1781157373.2030854,70.75894093513489,A1_HOLDING_SERVO_ON,A1_HOLDING_SERVO_ON_R03_20260611_125501,delta-asda-b3-e,1616,VE|SOD|TR,1,0,-7095,0,-1,-0.00427,-1,-0.002391,299,49,4270,2391,6000,,0,,,,holding,normal,0,no_load,none,"A1: Servo ON, shaft stationary",servo-app/lab-0.1
1781157373.3034604,70.85931587219238,A1_HOLDING_SERVO_ON,A1_HOLDING_SERVO_ON_R03_20260611_125501,delta-asda-b3-e,1616,VE|SOD|TR,1,0,-7101,0,-1,-0.00427,0,0.0,299,49,4270,2391,6000,,0,,,,holding,normal,0,no_load,none,"A1: Servo ON, shaft stationary",servo-app/lab-0.1
1781157373.4036481,70.95950365066528,A1_HOLDING_SERVO_ON,A1_HOLDING_SERVO_ON_R03_20260611_125501,delta-asda-b3-e,1616,VE|SOD|TR,1,0,-7101,0,0,0.0,0,0.0,299,49,4270,2391,6000,,0,,,,holding,normal,0,no_load,none,"A1: Servo ON, shaft stationary",servo-app/lab-0.1
1781157373.5040054,71.05986094474792,A1_HOLDING_SERVO_ON,A1_HOLDING_SERVO_ON_R03_20260611_125501,delta-asda-b3-e,1616,VE|SOD|TR,1,0,-7095,0,0,0.0,-1,-0.002391,299,49,4270,2391,6000,,0,,,,holding,normal,0,no_load,none,"A1: Servo ON, shaft stationary",servo-app/lab-0.1
1781157373.6047235,71.16057896614075,A1_HOLDING_SERVO_ON,A1_HOLDING_SERVO_ON_R03_20260611_125501,delta-asda-b3-e,1616,VE|SOD|TR,1,0,-7101,0,-1,-0.00427,0,0.0,298,49,4270,2391,6000,,0,,,,holding,normal,0,no_load,none,"A1: Servo ON, shaft stationary",servo-app/lab-0.1
1781157373.7052457,71.26110124588013,A1_HOLDING_SERVO_ON,A1_HOLDING_SERVO_ON_R03_20260611_125501,delta-asda-b3-e,1616,VE|SOD|TR,1,0,-7097,0,0,0.0,0,0.0,299,49,4270,2391,6000,,0,,,,holding,normal,0,no_load,none,"A1: Servo ON, shaft stationary",servo-app/lab-0.1
1781157373.8055828,71.36143827438354,A1_HOLDING_SERVO_ON,A1_HOLDING_SERVO_ON_R03_20260611_125501,delta-asda-b3-e,1616,VE|SOD|TR,1,0,-7097,0,-1,-0.00427,-1,-0.002391,299,49,4270,2391,6000,,0,,,,holding,normal,0,no_load,none,"A1: Servo ON, shaft stationary",servo-app/lab-0.1
1781157373.9060893,71.4619448184967,A1_HOLDING_SERVO_ON,A1_HOLDING_SERVO_ON_R03_20260611_125501,delta-asda-b3-e,1616,VE|SOD|TR,1,0,-7101,0,0,0.0,-1,-0.002391,299,49,4270,2391,6000,,0,,,,holding,normal,0,no_load,none,"A1: Servo ON, shaft stationary",servo-app/lab-0.1
1781157374.0064793,71.56233477592468,A1_HOLDING_SERVO_ON,A1_HOLDING_SERVO_ON_R03_20260611_125501,delta-asda-b3-e,1616,VE|SOD|TR,1,0,-7095,0,0,0.0,-1,-0.002391,299,49,4270,2391,6000,,0,,,,holding,normal,0,no_load,none,"A1: Servo ON, shaft stationary",servo-app/lab-0.1
1781157374.106792,71.66264748573303,A1_HOLDING_SERVO_ON,A1_HOLDING_SERVO_ON_R03_20260611_125501,delta-asda-b3-e,1616,VE|SOD|TR,1,0,-7101,0,0,0.0,-1,-0.002391,299,49,4270,2391,6000,,0,,,,holding,normal,0,no_load,none,"A1: Servo ON, shaft stationary",servo-app/lab-0.1
1781157374.2070355,71.76289105415344,A1_HOLDING_SERVO_ON,A1_HOLDING_SERVO_ON_R03_20260611_125501,delta-asda-b3-e,1616,VE|SOD|TR,1,0,-7095,0,-1,-0.00427,0,0.0,299,49,4270,2391,6000,,0,,,,holding,normal,0,no_load,none,"A1: Servo ON, shaft stationary",servo-app/lab-0.1
1781157374.3072286,71.86308407783508,A1_HOLDING_SERVO_ON,A1_HOLDING_SERVO_ON_R03_20260611_125501,delta-asda-b3-e,1616,VE|SOD|TR,1,0,-7097,0,0,0.0,-1,-0.002391,298,49,4270,2391,6000,,0,,,,holding,normal,0,no_load,none,"A1: Servo ON, shaft stationary",servo-app/lab-0.1
1781157374.4074821,71.96333765983582,A1_HOLDING_SERVO_ON,A1_HOLDING_SERVO_ON_R03_20260611_125501,delta-asda-b3-e,1616,VE|SOD|TR,1,0,-7101,0,-1,-0.00427,0,0.0,298,49,4270,2391,6000,,0,,,,holding,normal,0,no_load,none,"A1: Servo ON, shaft stationary",servo-app/lab-0.1
1781157374.5079653,72.06382083892822,A1_HOLDING_SERVO_ON,A1_HOLDING_SERVO_ON_R03_20260611_125501,delta-asda-b3-e,1616,VE|SOD|TR,1,0,-7101,0,0,0.0,-1,-0.002391,299,49,4270,2391,6000,,0,,,,holding,normal,0,no_load,none,"A1: Servo ON, shaft stationary",servo-app/lab-0.1
1781157374.608442,72.164297580719,A1_HOLDING_SERVO_ON,A1_HOLDING_SERVO_ON_R03_20260611_125501,delta-asda-b3-e,1616,VE|SOD|TR,1,0,-7091,0,-1,-0.00427,0,0.0,298,49,4270,2391,6000,,0,,,,holding,normal,0,no_load,none,"A1: Servo ON, shaft stationary",servo-app/lab-0.1
1781157374.708505,72.26436042785645,A1_HOLDING_SERVO_ON,A1_HOLDING_SERVO_ON_R03_20260611_125501,delta-asda-b3-e,1616,VE|SOD|TR,1,0,-7091,0,-1,-0.00427,0,0.0,298,49,4270,2391,6000,,0,,,,holding,normal,0,no_load,none,"A1: Servo ON, shaft stationary",servo-app/lab-0.1
1781157374.8087375,72.36459302902222,A1_HOLDING_SERVO_ON,A1_HOLDING_SERVO_ON_R03_20260611_125501,delta-asda-b3-e,1616,VE|SOD|TR,1,0,-7097,0,-1,-0.00427,0,0.0,298,49,4270,2391,6000,,0,,,,holding,normal,0,no_load,none,"A1: Servo ON, shaft stationary",servo-app/lab-0.1
1781157374.9088664,72.46472191810608,A1_HOLDING_SERVO_ON,A1_HOLDING_SERVO_ON_R03_20260611_125501,delta-asda-b3-e,1616,VE|SOD|TR,1,0,-7095,0,0,0.0,-1,-0.002391,298,49,4270,2391,6000,,0,,,,holding,normal,0,no_load,none,"A1: Servo ON, shaft stationary",servo-app/lab-0.1
1781157375.009241,72.565096616745,A1_HOLDING_SERVO_ON,A1_HOLDING_SERVO_ON_R03_20260611_125501,delta-asda-b3-e,1616,VE|SOD|TR,1,0,-7101,0,-1,-0.00427,-1,-0.002391,299,49,4270,2391,6000,,0,,,,holding,normal,0,no_load,none,"A1: Servo ON, shaft stationary",servo-app/lab-0.1
1781157375.1105843,72.66643977165222,A1_HOLDING_SERVO_ON,A1_HOLDING_SERVO_ON_R03_20260611_125501,delta-asda-b3-e,1616,VE|SOD|TR,1,0,-7101,0,0,0.0,0,0.0,298,49,4270,2391,6000,,0,,,,holding,normal,0,no_load,none,"A1: Servo ON, shaft stationary",servo-app/lab-0.1
1781157375.21147,72.76732540130615,A1_HOLDING_SERVO_ON,A1_HOLDING_SERVO_ON_R03_20260611_125501,delta-asda-b3-e,1616,VE|SOD|TR,1,0,-7101,0,-1,-0.00427,-1,-0.002391,299,49,4270,2391,6000,,0,,,,holding,normal,0,no_load,none,"A1: Servo ON, shaft stationary",servo-app/lab-0.1
1781157375.3117044,72.86755990982056,A1_HOLDING_SERVO_ON,A1_HOLDING_SERVO_ON_R03_20260611_125501,delta-asda-b3-e,1616,VE|SOD|TR,1,0,-7101,0,0,0.0,0,0.0,298,49,4270,2391,6000,,0,,,,holding,normal,0,no_load,none,"A1: Servo ON, shaft stationary",servo-app/lab-0.1
1781157375.4122205,72.96807599067688,A1_HOLDING_SERVO_ON,A1_HOLDING_SERVO_ON_R03_20260611_125501,delta-asda-b3-e,1616,VE|SOD|TR,1,0,-7101,0,-1,-0.00427,0,0.0,298,49,4270,2391,6000,,0,,,,holding,normal,0,no_load,none,"A1: Servo ON, shaft stationary",servo-app/lab-0.1
1781157375.5127912,73.06864666938782,A1_HOLDING_SERVO_ON,A1_HOLDING_SERVO_ON_R03_20260611_125501,delta-asda-b3-e,1616,VE|SOD|TR,1,0,-7097,0,-1,-0.00427,0,0.0,298,49,4270,2391,6000,,0,,,,holding,normal,0,no_load,none,"A1: Servo ON, shaft stationary",servo-app/lab-0.1
1781157375.6133313,73.16918683052063,A1_HOLDING_SERVO_ON,A1_HOLDING_SERVO_ON_R03_20260611_125501,delta-asda-b3-e,1616,VE|SOD|TR,1,0,-7101,0,0,0.0,0,0.0,299,49,4270,2391,6000,,0,,,,holding,normal,0,no_load,none,"A1: Servo ON, shaft stationary",servo-app/lab-0.1
1781157375.7138014,73.26965689659119,A1_HOLDING_SERVO_ON,A1_HOLDING_SERVO_ON_R03_20260611_125501,delta-asda-b3-e,1616,VE|SOD|TR,1,0,-7101,0,0,0.0,0,0.0,298,49,4270,2391,6000,,0,,,,holding,normal,0,no_load,none,"A1: Servo ON, shaft stationary",servo-app/lab-0.1
1781157375.81453,73.37038540840149,A1_HOLDING_SERVO_ON,A1_HOLDING_SERVO_ON_R03_20260611_125501,delta-asda-b3-e,1616,VE|SOD|TR,1,0,-7097,0,-1,-0.00427,0,0.0,299,49,4270,2391,6000,,0,,,,holding,normal,0,no_load,none,"A1: Servo ON, shaft stationary",servo-app/lab-0.1
1781157375.9149947,73.4708502292633,A1_HOLDING_SERVO_ON,A1_HOLDING_SERVO_ON_R03_20260611_125501,delta-asda-b3-e,1616,VE|SOD|TR,1,0,-7097,0,0,0.0,-1,-0.002391,298,49,4270,2391,6000,,0,,,,holding,normal,0,no_load,none,"A1: Servo ON, shaft stationary",servo-app/lab-0.1
1781157376.0153396,73.57119512557983,A1_HOLDING_SERVO_ON,A1_HOLDING_SERVO_ON_R03_20260611_125501,delta-asda-b3-e,1616,VE|SOD|TR,1,0,-7101,0,-1,-0.00427,0,0.0,298,49,4270,2391,6000,,0,,,,holding,normal,0,no_load,none,"A1: Servo ON, shaft stationary",servo-app/lab-0.1
1781157376.115578,73.6714334487915,A1_HOLDING_SERVO_ON,A1_HOLDING_SERVO_ON_R03_20260611_125501,delta-asda-b3-e,1616,VE|SOD|TR,1,0,-7101,0,-1,-0.00427,0,0.0,298,49,4270,2391,6000,,0,,,,holding,normal,0,no_load,none,"A1: Servo ON, shaft stationary",servo-app/lab-0.1
1781157376.215778,73.77163362503052,A1_HOLDING_SERVO_ON,A1_HOLDING_SERVO_ON_R03_20260611_125501,delta-asda-b3-e,1616,VE|SOD|TR,1,0,-7095,0,0,0.0,-1,-0.002391,298,49,4270,2391,6000,,0,,,,holding,normal,0,no_load,none,"A1: Servo ON, shaft stationary",servo-app/lab-0.1
1781157376.3161886,73.8720440864563,A1_HOLDING_SERVO_ON,A1_HOLDING_SERVO_ON_R03_20260611_125501,delta-asda-b3-e,1616,VE|SOD|TR,1,0,-7097,0,0,0.0,-1,-0.002391,298,49,4270,2391,6000,,0,,,,holding,normal,0,no_load,none,"A1: Servo ON, shaft stationary",servo-app/lab-0.1
1781157376.4166887,73.97254419326782,A1_HOLDING_SERVO_ON,A1_HOLDING_SERVO_ON_R03_20260611_125501,delta-asda-b3-e,1616,VE|SOD|TR,1,0,-7095,0,0,0.0,0,0.0,298,49,4270,2391,6000,,0,,,,holding,normal,0,no_load,none,"A1: Servo ON, shaft stationary",servo-app/lab-0.1
1781157376.5168262,74.07268166542053,A1_HOLDING_SERVO_ON,A1_HOLDING_SERVO_ON_R03_20260611_125501,delta-asda-b3-e,1616,VE|SOD|TR,1,0,-7101,0,-1,-0.00427,0,0.0,298,49,4270,2391,6000,,0,,,,holding,normal,0,no_load,none,"A1: Servo ON, shaft stationary",servo-app/lab-0.1
1781157376.6171954,74.17305088043213,A1_HOLDING_SERVO_ON,A1_HOLDING_SERVO_ON_R03_20260611_125501,delta-asda-b3-e,1616,VE|SOD|TR,1,0,-7097,0,0,0.0,-1,-0.002391,298,49,4270,2391,6000,,0,,,,holding,normal,0,no_load,none,"A1: Servo ON, shaft stationary",servo-app/lab-0.1
1781157376.7174919,74.2733473777771,A1_HOLDING_SERVO_ON,A1_HOLDING_SERVO_ON_R03_20260611_125501,delta-asda-b3-e,1616,VE|SOD|TR,1,0,-7097,0,-1,-0.00427,0,0.0,298,49,4270,2391,6000,,0,,,,holding,normal,0,no_load,none,"A1: Servo ON, shaft stationary",servo-app/lab-0.1
1781157376.818056,74.3739116191864,A1_HOLDING_SERVO_ON,A1_HOLDING_SERVO_ON_R03_20260611_125501,delta-asda-b3-e,1616,VE|SOD|TR,1,0,-7097,0,0,0.0,0,0.0,299,49,4270,2391,6000,,0,,,,holding,normal,0,no_load,none,"A1: Servo ON, shaft stationary",servo-app/lab-0.1
1781157376.9184003,74.47425580024719,A1_HOLDING_SERVO_ON,A1_HOLDING_SERVO_ON_R03_20260611_125501,delta-asda-b3-e,1616,VE|SOD|TR,1,0,-7095,0,-1,-0.00427,-1,-0.002391,299,49,4270,2391,6000,,0,,,,holding,normal,0,no_load,none,"A1: Servo ON, shaft stationary",servo-app/lab-0.1
1781157377.0186338,74.57448935508728,A1_HOLDING_SERVO_ON,A1_HOLDING_SERVO_ON_R03_20260611_125501,delta-asda-b3-e,1616,VE|SOD|TR,1,0,-7101,0,-1,-0.00427,0,0.0,299,49,4270,2391,6000,,0,,,,holding,normal,0,no_load,none,"A1: Servo ON, shaft stationary",servo-app/lab-0.1
1781157377.1189494,74.67480492591858,A1_HOLDING_SERVO_ON,A1_HOLDING_SERVO_ON_R03_20260611_125501,delta-asda-b3-e,1616,VE|SOD|TR,1,0,-7085,0,0,0.0,0,0.0,299,49,4270,2391,6000,,0,,,,holding,normal,0,no_load,none,"A1: Servo ON, shaft stationary",servo-app/lab-0.1
1781157377.2193005,74.77515602111816,A1_HOLDING_SERVO_ON,A1_HOLDING_SERVO_ON_R03_20260611_125501,delta-asda-b3-e,1616,VE|SOD|TR,1,0,-7097,0,-1,-0.00427,0,0.0,299,49,4270,2391,6000,,0,,,,holding,normal,0,no_load,none,"A1: Servo ON, shaft stationary",servo-app/lab-0.1
1781157377.319807,74.87566256523132,A1_HOLDING_SERVO_ON,A1_HOLDING_SERVO_ON_R03_20260611_125501,delta-asda-b3-e,1616,VE|SOD|TR,1,0,-7101,0,-1,-0.00427,-1,-0.002391,298,49,4270,2391,6000,,0,,,,holding,normal,0,no_load,none,"A1: Servo ON, shaft stationary",servo-app/lab-0.1
1781157377.4200292,74.97588467597961,A1_HOLDING_SERVO_ON,A1_HOLDING_SERVO_ON_R03_20260611_125501,delta-asda-b3-e,1616,VE|SOD|TR,1,0,-7101,0,-1,-0.00427,0,0.0,299,49,4270,2391,6000,,0,,,,holding,normal,0,no_load,none,"A1: Servo ON, shaft stationary",servo-app/lab-0.1
1781157377.5204108,75.07626628875732,A1_HOLDING_SERVO_ON,A1_HOLDING_SERVO_ON_R03_20260611_125501,delta-asda-b3-e,1616,VE|SOD|TR,1,0,-7101,0,-1,-0.00427,0,0.0,299,49,4270,2391,6000,,0,,,,holding,normal,0,no_load,none,"A1: Servo ON, shaft stationary",servo-app/lab-0.1
1781157377.6208053,75.1766607761383,A1_HOLDING_SERVO_ON,A1_HOLDING_SERVO_ON_R03_20260611_125501,delta-asda-b3-e,1616,VE|SOD|TR,1,0,-7101,0,0,0.0,-1,-0.002391,298,49,4270,2391,6000,,0,,,,holding,normal,0,no_load,none,"A1: Servo ON, shaft stationary",servo-app/lab-0.1
1781157377.7214127,75.27726817131042,A1_HOLDING_SERVO_ON,A1_HOLDING_SERVO_ON_R03_20260611_125501,delta-asda-b3-e,1616,VE|SOD|TR,1,0,-7101,0,-1,-0.00427,0,0.0,299,49,4270,2391,6000,,0,,,,holding,normal,0,no_load,none,"A1: Servo ON, shaft stationary",servo-app/lab-0.1
1781157377.821479,75.37733459472656,A1_HOLDING_SERVO_ON,A1_HOLDING_SERVO_ON_R03_20260611_125501,delta-asda-b3-e,1616,VE|SOD|TR,1,0,-7101,0,-1,-0.00427,0,0.0,299,49,4270,2391,6000,,0,,,,holding,normal,0,no_load,none,"A1: Servo ON, shaft stationary",servo-app/lab-0.1
1781157377.9219184,75.47777390480042,A1_HOLDING_SERVO_ON,A1_HOLDING_SERVO_ON_R03_20260611_125501,delta-asda-b3-e,1616,VE|SOD|TR,1,0,-7101,0,0,0.0,-1,-0.002391,299,49,4270,2391,6000,,0,,,,holding,normal,0,no_load,none,"A1: Servo ON, shaft stationary",servo-app/lab-0.1
1781157378.0223162,75.5781717300415,A1_HOLDING_SERVO_ON,A1_HOLDING_SERVO_ON_R03_20260611_125501,delta-asda-b3-e,1616,VE|SOD|TR,1,0,-7101,0,-1,-0.00427,-1,-0.002391,299,49,4270,2391,6000,,0,,,,holding,normal,0,no_load,none,"A1: Servo ON, shaft stationary",servo-app/lab-0.1
1781157378.1228335,75.67868900299072,A1_HOLDING_SERVO_ON,A1_HOLDING_SERVO_ON_R03_20260611_125501,delta-asda-b3-e,1616,VE|SOD|TR,1,0,-7101,0,0,0.0,-1,-0.002391,298,49,4270,2391,6000,,0,,,,holding,normal,0,no_load,none,"A1: Servo ON, shaft stationary",servo-app/lab-0.1
1781157378.2233088,75.77916431427002,A1_HOLDING_SERVO_ON,A1_HOLDING_SERVO_ON_R03_20260611_125501,delta-asda-b3-e,1616,VE|SOD|TR,1,0,-7101,0,0,0.0,0,0.0,298,49,4270,2391,6000,,0,,,,holding,normal,0,no_load,none,"A1: Servo ON, shaft stationary",servo-app/lab-0.1
1781157378.3235013,75.8793568611145,A1_HOLDING_SERVO_ON,A1_HOLDING_SERVO_ON_R03_20260611_125501,delta-asda-b3-e,1616,VE|SOD|TR,1,0,-7101,0,-1,-0.00427,-1,-0.002391,298,49,4270,2391,6000,,0,,,,holding,normal,0,no_load,none,"A1: Servo ON, shaft stationary",servo-app/lab-0.1
1781157378.424059,75.97991442680359,A1_HOLDING_SERVO_ON,A1_HOLDING_SERVO_ON_R03_20260611_125501,delta-asda-b3-e,1616,VE|SOD|TR,1,0,-7101,0,-1,-0.00427,0,0.0,298,49,4270,2391,6000,,0,,,,holding,normal,0,no_load,none,"A1: Servo ON, shaft stationary",servo-app/lab-0.1
1781157378.5246677,76.08052325248718,A1_HOLDING_SERVO_ON,A1_HOLDING_SERVO_ON_R03_20260611_125501,delta-asda-b3-e,1616,VE|SOD|TR,1,0,-7101,0,0,0.0,0,0.0,299,49,4270,2391,6000,,0,,,,holding,normal,0,no_load,none,"A1: Servo ON, shaft stationary",servo-app/lab-0.1
1781157378.6253777,76.18123316764832,A1_HOLDING_SERVO_ON,A1_HOLDING_SERVO_ON_R03_20260611_125501,delta-asda-b3-e,1616,VE|SOD|TR,1,0,-7101,0,-1,-0.00427,-1,-0.002391,298,49,4270,2391,6000,,0,,,,holding,normal,0,no_load,none,"A1: Servo ON, shaft stationary",servo-app/lab-0.1
1781157378.7255094,76.28136491775513,A1_HOLDING_SERVO_ON,A1_HOLDING_SERVO_ON_R03_20260611_125501,delta-asda-b3-e,1616,VE|SOD|TR,1,0,-7101,0,0,0.0,-1,-0.002391,299,49,4270,2391,6000,,0,,,,holding,normal,0,no_load,none,"A1: Servo ON, shaft stationary",servo-app/lab-0.1
1781157378.8262215,76.38207697868347,A1_HOLDING_SERVO_ON,A1_HOLDING_SERVO_ON_R03_20260611_125501,delta-asda-b3-e,1616,VE|SOD|TR,1,0,-7097,0,0,0.0,-1,-0.002391,299,49,4270,2391,6000,,0,,,,holding,normal,0,no_load,none,"A1: Servo ON, shaft stationary",servo-app/lab-0.1
1781157378.9265032,76.48235869407654,A1_HOLDING_SERVO_ON,A1_HOLDING_SERVO_ON_R03_20260611_125501,delta-asda-b3-e,1616,VE|SOD|TR,1,0,-7101,0,-1,-0.00427,0,0.0,299,49,4270,2391,6000,,0,,,,holding,normal,0,no_load,none,"A1: Servo ON, shaft stationary",servo-app/lab-0.1
1781157379.026795,76.58265042304993,A1_HOLDING_SERVO_ON,A1_HOLDING_SERVO_ON_R03_20260611_125501,delta-asda-b3-e,1616,VE|SOD|TR,1,0,-7101,0,0,0.0,0,0.0,299,49,4270,2391,6000,,0,,,,holding,normal,0,no_load,none,"A1: Servo ON, shaft stationary",servo-app/lab-0.1
1781157379.1272056,76.68306112289429,A1_HOLDING_SERVO_ON,A1_HOLDING_SERVO_ON_R03_20260611_125501,delta-asda-b3-e,1616,VE|SOD|TR,1,0,-7101,0,0,0.0,0,0.0,298,49,4270,2391,6000,,0,,,,holding,normal,0,no_load,none,"A1: Servo ON, shaft stationary",servo-app/lab-0.1
1781157379.2272894,76.7831449508667,A1_HOLDING_SERVO_ON,A1_HOLDING_SERVO_ON_R03_20260611_125501,delta-asda-b3-e,1616,VE|SOD|TR,1,0,-7101,0,0,0.0,0,0.0,299,49,4270,2391,6000,,0,,,,holding,normal,0,no_load,none,"A1: Servo ON, shaft stationary",servo-app/lab-0.1
1781157379.3273447,76.88320016860962,A1_HOLDING_SERVO_ON,A1_HOLDING_SERVO_ON_R03_20260611_125501,delta-asda-b3-e,1616,VE|SOD|TR,1,0,-7097,0,-1,-0.00427,0,0.0,298,49,4270,2391,6000,,0,,,,holding,normal,0,no_load,none,"A1: Servo ON, shaft stationary",servo-app/lab-0.1
1781157379.4278276,76.98368310928345,A1_HOLDING_SERVO_ON,A1_HOLDING_SERVO_ON_R03_20260611_125501,delta-asda-b3-e,1616,VE|SOD|TR,1,0,-7101,0,0,0.0,-1,-0.002391,298,49,4270,2391,6000,,0,,,,holding,normal,0,no_load,none,"A1: Servo ON, shaft stationary",servo-app/lab-0.1
1781157379.528239,77.08409452438354,A1_HOLDING_SERVO_ON,A1_HOLDING_SERVO_ON_R03_20260611_125501,delta-asda-b3-e,1616,VE|SOD|TR,1,0,-7101,0,-1,-0.00427,0,0.0,299,49,4270,2391,6000,,0,,,,holding,normal,0,no_load,none,"A1: Servo ON, shaft stationary",servo-app/lab-0.1
1781157379.6286857,77.18454122543335,A1_HOLDING_SERVO_ON,A1_HOLDING_SERVO_ON_R03_20260611_125501,delta-asda-b3-e,1616,VE|SOD|TR,1,0,-7101,0,-1,-0.00427,0,0.0,298,49,4270,2391,6000,,0,,,,holding,normal,0,no_load,none,"A1: Servo ON, shaft stationary",servo-app/lab-0.1
1781157379.7287927,77.28464818000793,A1_HOLDING_SERVO_ON,A1_HOLDING_SERVO_ON_R03_20260611_125501,delta-asda-b3-e,1616,VE|SOD|TR,1,0,-7101,0,0,0.0,-1,-0.002391,299,49,4270,2391,6000,,0,,,,holding,normal,0,no_load,none,"A1: Servo ON, shaft stationary",servo-app/lab-0.1
1781157379.8289576,77.38481307029724,A1_HOLDING_SERVO_ON,A1_HOLDING_SERVO_ON_R03_20260611_125501,delta-asda-b3-e,1616,VE|SOD|TR,1,0,-7097,0,-1,-0.00427,-1,-0.002391,299,49,4270,2391,6000,,0,,,,holding,normal,0,no_load,none,"A1: Servo ON, shaft stationary",servo-app/lab-0.1
1781157379.929227,77.48508262634277,A1_HOLDING_SERVO_ON,A1_HOLDING_SERVO_ON_R03_20260611_125501,delta-asda-b3-e,1616,VE|SOD|TR,1,0,-7101,0,-1,-0.00427,-1,-0.002391,299,49,4270,2391,6000,,0,,,,holding,normal,0,no_load,none,"A1: Servo ON, shaft stationary",servo-app/lab-0.1
1781157380.0297356,77.58559107780457,A1_HOLDING_SERVO_ON,A1_HOLDING_SERVO_ON_R03_20260611_125501,delta-asda-b3-e,1616,VE|SOD|TR,1,0,-7101,0,-1,-0.00427,0,0.0,298,49,4270,2391,6000,,0,,,,holding,normal,0,no_load,none,"A1: Servo ON, shaft stationary",servo-app/lab-0.1
1781157380.129985,77.68584060668945,A1_HOLDING_SERVO_ON,A1_HOLDING_SERVO_ON_R03_20260611_125501,delta-asda-b3-e,1616,VE|SOD|TR,1,0,-7101,0,-1,-0.00427,0,0.0,298,49,4270,2391,6000,,0,,,,holding,normal,0,no_load,none,"A1: Servo ON, shaft stationary",servo-app/lab-0.1
1781157380.230374,77.78622961044312,A1_HOLDING_SERVO_ON,A1_HOLDING_SERVO_ON_R03_20260611_125501,delta-asda-b3-e,1616,VE|SOD|TR,1,0,-7101,0,-1,-0.00427,0,0.0,299,49,4270,2391,6000,,0,,,,holding,normal,0,no_load,none,"A1: Servo ON, shaft stationary",servo-app/lab-0.1
1781157380.330507,77.88636255264282,A1_HOLDING_SERVO_ON,A1_HOLDING_SERVO_ON_R03_20260611_125501,delta-asda-b3-e,1616,VE|SOD|TR,1,0,-7101,0,0,0.0,0,0.0,299,49,4270,2391,6000,,0,,,,holding,normal,0,no_load,none,"A1: Servo ON, shaft stationary",servo-app/lab-0.1
1781157380.4308178,77.98667335510254,A1_HOLDING_SERVO_ON,A1_HOLDING_SERVO_ON_R03_20260611_125501,delta-asda-b3-e,1616,VE|SOD|TR,1,0,-7101,0,-1,-0.00427,0,0.0,298,49,4270,2391,6000,,0,,,,holding,normal,0,no_load,none,"A1: Servo ON, shaft stationary",servo-app/lab-0.1
1781157380.5311103,78.08696579933167,A1_HOLDING_SERVO_ON,A1_HOLDING_SERVO_ON_R03_20260611_125501,delta-asda-b3-e,1616,VE|SOD|TR,1,0,-7101,0,0,0.0,-1,-0.002391,299,49,4270,2391,6000,,0,,,,holding,normal,0,no_load,none,"A1: Servo ON, shaft stationary",servo-app/lab-0.1
1781157380.6314583,78.18731379508972,A1_HOLDING_SERVO_ON,A1_HOLDING_SERVO_ON_R03_20260611_125501,delta-asda-b3-e,1616,VE|SOD|TR,1,0,-7101,0,-1,-0.00427,0,0.0,299,49,4270,2391,6000,,0,,,,holding,normal,0,no_load,none,"A1: Servo ON, shaft stationary",servo-app/lab-0.1
1781157380.732013,78.28786849975586,A1_HOLDING_SERVO_ON,A1_HOLDING_SERVO_ON_R03_20260611_125501,delta-asda-b3-e,1616,VE|SOD|TR,1,0,-7101,0,0,0.0,0,0.0,299,49,4270,2391,6000,,0,,,,holding,normal,0,no_load,none,"A1: Servo ON, shaft stationary",servo-app/lab-0.1
1781157380.8323717,78.38822722434998,A1_HOLDING_SERVO_ON,A1_HOLDING_SERVO_ON_R03_20260611_125501,delta-asda-b3-e,1616,VE|SOD|TR,1,0,-7101,0,-1,-0.00427,-1,-0.002391,299,49,4270,2391,6000,,0,,,,holding,normal,0,no_load,none,"A1: Servo ON, shaft stationary",servo-app/lab-0.1
1781157380.9325824,78.48843789100647,A1_HOLDING_SERVO_ON,A1_HOLDING_SERVO_ON_R03_20260611_125501,delta-asda-b3-e,1616,VE|SOD|TR,1,0,-7101,0,-1,-0.00427,0,0.0,299,49,4270,2391,6000,,0,,,,holding,normal,0,no_load,none,"A1: Servo ON, shaft stationary",servo-app/lab-0.1
1781157381.0328906,78.58874607086182,A1_HOLDING_SERVO_ON,A1_HOLDING_SERVO_ON_R03_20260611_125501,delta-asda-b3-e,1616,VE|SOD|TR,1,0,-7101,0,0,0.0,-1,-0.002391,299,49,4270,2391,6000,,0,,,,holding,normal,0,no_load,none,"A1: Servo ON, shaft stationary",servo-app/lab-0.1
1781157381.133531,78.68938660621643,A1_HOLDING_SERVO_ON,A1_HOLDING_SERVO_ON_R03_20260611_125501,delta-asda-b3-e,1616,VE|SOD|TR,1,0,-7101,0,-1,-0.00427,0,0.0,299,49,4270,2391,6000,,0,,,,holding,normal,0,no_load,none,"A1: Servo ON, shaft stationary",servo-app/lab-0.1
1781157381.2336137,78.78946924209595,A1_HOLDING_SERVO_ON,A1_HOLDING_SERVO_ON_R03_20260611_125501,delta-asda-b3-e,1616,VE|SOD|TR,1,0,-7097,0,0,0.0,-1,-0.002391,299,49,4270,2391,6000,,0,,,,holding,normal,0,no_load,none,"A1: Servo ON, shaft stationary",servo-app/lab-0.1
1781157381.334292,78.89014744758606,A1_HOLDING_SERVO_ON,A1_HOLDING_SERVO_ON_R03_20260611_125501,delta-asda-b3-e,1616,VE|SOD|TR,1,0,-7095,0,-1,-0.00427,-1,-0.002391,299,49,4270,2391,6000,,0,,,,holding,normal,0,no_load,none,"A1: Servo ON, shaft stationary",servo-app/lab-0.1
1781157381.4348187,78.99067425727844,A1_HOLDING_SERVO_ON,A1_HOLDING_SERVO_ON_R03_20260611_125501,delta-asda-b3-e,1616,VE|SOD|TR,1,0,-7101,0,-1,-0.00427,0,0.0,298,49,4270,2391,6000,,0,,,,holding,normal,0,no_load,none,"A1: Servo ON, shaft stationary",servo-app/lab-0.1
1781157381.5351992,79.09105467796326,A1_HOLDING_SERVO_ON,A1_HOLDING_SERVO_ON_R03_20260611_125501,delta-asda-b3-e,1616,VE|SOD|TR,1,0,-7101,0,0,0.0,-1,-0.002391,298,49,4270,2391,6000,,0,,,,holding,normal,0,no_load,none,"A1: Servo ON, shaft stationary",servo-app/lab-0.1
1781157381.6355696,79.19142508506775,A1_HOLDING_SERVO_ON,A1_HOLDING_SERVO_ON_R03_20260611_125501,delta-asda-b3-e,1616,VE|SOD|TR,1,0,-7101,0,0,0.0,-1,-0.002391,299,49,4270,2391,6000,,0,,,,holding,normal,0,no_load,none,"A1: Servo ON, shaft stationary",servo-app/lab-0.1
1781157381.7359772,79.29183268547058,A1_HOLDING_SERVO_ON,A1_HOLDING_SERVO_ON_R03_20260611_125501,delta-asda-b3-e,1616,VE|SOD|TR,1,0,-7101,0,0,0.0,-1,-0.002391,299,49,4270,2391,6000,,0,,,,holding,normal,0,no_load,none,"A1: Servo ON, shaft stationary",servo-app/lab-0.1
1781157381.8365057,79.39236116409302,A1_HOLDING_SERVO_ON,A1_HOLDING_SERVO_ON_R03_20260611_125501,delta-asda-b3-e,1616,VE|SOD|TR,1,0,-7101,0,0,0.0,0,0.0,299,49,4270,2391,6000,,0,,,,holding,normal,0,no_load,none,"A1: Servo ON, shaft stationary",servo-app/lab-0.1
1781157381.9366443,79.49249982833862,A1_HOLDING_SERVO_ON,A1_HOLDING_SERVO_ON_R03_20260611_125501,delta-asda-b3-e,1616,VE|SOD|TR,1,0,-7101,0,-1,-0.00427,0,0.0,299,49,4270,2391,6000,,0,,,,holding,normal,0,no_load,none,"A1: Servo ON, shaft stationary",servo-app/lab-0.1
1781157382.0368989,79.59275436401367,A1_HOLDING_SERVO_ON,A1_HOLDING_SERVO_ON_R03_20260611_125501,delta-asda-b3-e,1616,VE|SOD|TR,1,0,-7101,0,-1,-0.00427,-1,-0.002391,299,49,4270,2391,6000,,0,,,,holding,normal,0,no_load,none,"A1: Servo ON, shaft stationary",servo-app/lab-0.1
1781157382.1373916,79.69324707984924,A1_HOLDING_SERVO_ON,A1_HOLDING_SERVO_ON_R03_20260611_125501,delta-asda-b3-e,1616,VE|SOD|TR,1,0,-7097,0,0,0.0,0,0.0,299,49,4270,2391,6000,,0,,,,holding,normal,0,no_load,none,"A1: Servo ON, shaft stationary",servo-app/lab-0.1
1781157382.2380886,79.7939441204071,A1_HOLDING_SERVO_ON,A1_HOLDING_SERVO_ON_R03_20260611_125501,delta-asda-b3-e,1616,VE|SOD|TR,1,0,-7097,0,-1,-0.00427,0,0.0,299,49,4270,2391,6000,,0,,,,holding,normal,0,no_load,none,"A1: Servo ON, shaft stationary",servo-app/lab-0.1
1781157382.3384871,79.89434266090393,A1_HOLDING_SERVO_ON,A1_HOLDING_SERVO_ON_R03_20260611_125501,delta-asda-b3-e,1616,VE|SOD|TR,1,0,-7101,0,-1,-0.00427,-1,-0.002391,299,49,4270,2391,6000,,0,,,,holding,normal,0,no_load,none,"A1: Servo ON, shaft stationary",servo-app/lab-0.1
1781157382.4387689,79.994624376297,A1_HOLDING_SERVO_ON,A1_HOLDING_SERVO_ON_R03_20260611_125501,delta-asda-b3-e,1616,VE|SOD|TR,1,0,-7101,0,0,0.0,-1,-0.002391,299,49,4270,2391,6000,,0,,,,holding,normal,0,no_load,none,"A1: Servo ON, shaft stationary",servo-app/lab-0.1
1781157382.5392082,80.09506368637085,A1_HOLDING_SERVO_ON,A1_HOLDING_SERVO_ON_R03_20260611_125501,delta-asda-b3-e,1616,VE|SOD|TR,1,0,-7101,0,-1,-0.00427,0,0.0,299,49,4270,2391,6000,,0,,,,holding,normal,0,no_load,none,"A1: Servo ON, shaft stationary",servo-app/lab-0.1
1781157382.6395001,80.19535565376282,A1_HOLDING_SERVO_ON,A1_HOLDING_SERVO_ON_R03_20260611_125501,delta-asda-b3-e,1616,VE|SOD|TR,1,0,-7101,0,-1,-0.00427,-1,-0.002391,299,49,4270,2391,6000,,0,,,,holding,normal,0,no_load,none,"A1: Servo ON, shaft stationary",servo-app/lab-0.1
1781157382.7398293,80.29568481445312,A1_HOLDING_SERVO_ON,A1_HOLDING_SERVO_ON_R03_20260611_125501,delta-asda-b3-e,1616,VE|SOD|TR,1,0,-7101,0,-1,-0.00427,-1,-0.002391,299,49,4270,2391,6000,,0,,,,holding,normal,0,no_load,none,"A1: Servo ON, shaft stationary",servo-app/lab-0.1
1781157382.8402455,80.3961009979248,A1_HOLDING_SERVO_ON,A1_HOLDING_SERVO_ON_R03_20260611_125501,delta-asda-b3-e,1616,VE|SOD|TR,1,0,-7101,0,-1,-0.00427,-1,-0.002391,299,49,4270,2391,6000,,0,,,,holding,normal,0,no_load,none,"A1: Servo ON, shaft stationary",servo-app/lab-0.1
1781157382.9406104,80.49646592140198,A1_HOLDING_SERVO_ON,A1_HOLDING_SERVO_ON_R03_20260611_125501,delta-asda-b3-e,1616,VE|SOD|TR,1,0,-7101,0,0,0.0,-1,-0.002391,298,49,4270,2391,6000,,0,,,,holding,normal,0,no_load,none,"A1: Servo ON, shaft stationary",servo-app/lab-0.1
1781157383.040843,80.59669852256775,A1_HOLDING_SERVO_ON,A1_HOLDING_SERVO_ON_R03_20260611_125501,delta-asda-b3-e,1616,VE|SOD|TR,1,0,-7105,0,-1,-0.00427,0,0.0,299,49,4270,2391,6000,,0,,,,holding,normal,0,no_load,none,"A1: Servo ON, shaft stationary",servo-app/lab-0.1
1781157383.14136,80.69721555709839,A1_HOLDING_SERVO_ON,A1_HOLDING_SERVO_ON_R03_20260611_125501,delta-asda-b3-e,1616,VE|SOD|TR,1,0,-7101,0,0,0.0,0,0.0,299,49,4270,2391,6000,,0,,,,holding,normal,0,no_load,none,"A1: Servo ON, shaft stationary",servo-app/lab-0.1
1781157383.2416914,80.79754686355591,A1_HOLDING_SERVO_ON,A1_HOLDING_SERVO_ON_R03_20260611_125501,delta-asda-b3-e,1616,VE|SOD|TR,1,0,-7097,0,0,0.0,0,0.0,298,49,4270,2391,6000,,0,,,,holding,normal,0,no_load,none,"A1: Servo ON, shaft stationary",servo-app/lab-0.1
1781157383.3418589,80.89771437644958,A1_HOLDING_SERVO_ON,A1_HOLDING_SERVO_ON_R03_20260611_125501,delta-asda-b3-e,1616,VE|SOD|TR,1,0,-7097,0,-1,-0.00427,0,0.0,299,49,4270,2391,6000,,0,,,,holding,normal,0,no_load,none,"A1: Servo ON, shaft stationary",servo-app/lab-0.1
1781157383.4425392,80.99839472770691,A1_HOLDING_SERVO_ON,A1_HOLDING_SERVO_ON_R03_20260611_125501,delta-asda-b3-e,1616,VE|SOD|TR,1,0,-7097,0,0,0.0,0,0.0,298,49,4270,2391,6000,,0,,,,holding,normal,0,no_load,none,"A1: Servo ON, shaft stationary",servo-app/lab-0.1
1781157383.5430918,81.09894728660583,A1_HOLDING_SERVO_ON,A1_HOLDING_SERVO_ON_R03_20260611_125501,delta-asda-b3-e,1616,VE|SOD|TR,1,0,-7101,0,-1,-0.00427,0,0.0,299,49,4270,2391,6000,,0,,,,holding,normal,0,no_load,none,"A1: Servo ON, shaft stationary",servo-app/lab-0.1
1781157383.6432905,81.19914603233337,A1_HOLDING_SERVO_ON,A1_HOLDING_SERVO_ON_R03_20260611_125501,delta-asda-b3-e,1616,VE|SOD|TR,1,0,-7097,0,-1,-0.00427,0,0.0,298,49,4270,2391,6000,,0,,,,holding,normal,0,no_load,none,"A1: Servo ON, shaft stationary",servo-app/lab-0.1
1781157383.7435765,81.29943203926086,A1_HOLDING_SERVO_ON,A1_HOLDING_SERVO_ON_R03_20260611_125501,delta-asda-b3-e,1616,VE|SOD|TR,1,0,-7101,0,0,0.0,-1,-0.002391,299,49,4270,2391,6000,,0,,,,holding,normal,0,no_load,none,"A1: Servo ON, shaft stationary",servo-app/lab-0.1
1781157383.8438466,81.39970207214355,A1_HOLDING_SERVO_ON,A1_HOLDING_SERVO_ON_R03_20260611_125501,delta-asda-b3-e,1616,VE|SOD|TR,1,0,-7095,0,-1,-0.00427,0,0.0,298,49,4270,2391,6000,,0,,,,holding,normal,0,no_load,none,"A1: Servo ON, shaft stationary",servo-app/lab-0.1
1781157383.9438965,81.49975204467773,A1_HOLDING_SERVO_ON,A1_HOLDING_SERVO_ON_R03_20260611_125501,delta-asda-b3-e,1616,VE|SOD|TR,1,0,-7101,0,0,0.0,-1,-0.002391,298,49,4270,2391,6000,,0,,,,holding,normal,0,no_load,none,"A1: Servo ON, shaft stationary",servo-app/lab-0.1
1781157384.0440776,81.59993314743042,A1_HOLDING_SERVO_ON,A1_HOLDING_SERVO_ON_R03_20260611_125501,delta-asda-b3-e,1616,VE|SOD|TR,1,0,-7101,0,-1,-0.00427,0,0.0,299,49,4270,2391,6000,,0,,,,holding,normal,0,no_load,none,"A1: Servo ON, shaft stationary",servo-app/lab-0.1
1781157384.1446114,81.7004668712616,A1_HOLDING_SERVO_ON,A1_HOLDING_SERVO_ON_R03_20260611_125501,delta-asda-b3-e,1616,VE|SOD|TR,1,0,-7101,0,-1,-0.00427,-1,-0.002391,298,49,4270,2391,6000,,0,,,,holding,normal,0,no_load,none,"A1: Servo ON, shaft stationary",servo-app/lab-0.1
1781157384.2449827,81.8008382320404,A1_HOLDING_SERVO_ON,A1_HOLDING_SERVO_ON_R03_20260611_125501,delta-asda-b3-e,1616,VE|SOD|TR,1,0,-7101,0,-1,-0.00427,-1,-0.002391,298,49,4270,2391,6000,,0,,,,holding,normal,0,no_load,none,"A1: Servo ON, shaft stationary",servo-app/lab-0.1
1781157384.3452368,81.9010922908783,A1_HOLDING_SERVO_ON,A1_HOLDING_SERVO_ON_R03_20260611_125501,delta-asda-b3-e,1616,VE|SOD|TR,1,0,-7097,0,-1,-0.00427,-1,-0.002391,298,49,4270,2391,6000,,0,,,,holding,normal,0,no_load,none,"A1: Servo ON, shaft stationary",servo-app/lab-0.1
1781157384.4458804,82.00173592567444,A1_HOLDING_SERVO_ON,A1_HOLDING_SERVO_ON_R03_20260611_125501,delta-asda-b3-e,1616,VE|SOD|TR,1,0,-7101,0,-1,-0.00427,0,0.0,298,49,4270,2391,6000,,0,,,,holding,normal,0,no_load,none,"A1: Servo ON, shaft stationary",servo-app/lab-0.1
1781157384.5463104,82.1021659374237,A1_HOLDING_SERVO_ON,A1_HOLDING_SERVO_ON_R03_20260611_125501,delta-asda-b3-e,1616,VE|SOD|TR,1,0,-7101,0,-1,-0.00427,0,0.0,298,49,4270,2391,6000,,0,,,,holding,normal,0,no_load,none,"A1: Servo ON, shaft stationary",servo-app/lab-0.1
1781157384.6468484,82.2027039527893,A1_HOLDING_SERVO_ON,A1_HOLDING_SERVO_ON_R03_20260611_125501,delta-asda-b3-e,1616,VE|SOD|TR,1,0,-7101,0,-1,-0.00427,-1,-0.002391,298,49,4270,2391,6000,,0,,,,holding,normal,0,no_load,none,"A1: Servo ON, shaft stationary",servo-app/lab-0.1
1781157384.7471132,82.30296874046326,A1_HOLDING_SERVO_ON,A1_HOLDING_SERVO_ON_R03_20260611_125501,delta-asda-b3-e,1616,VE|SOD|TR,1,0,-7101,0,0,0.0,0,0.0,299,49,4270,2391,6000,,0,,,,holding,normal,0,no_load,none,"A1: Servo ON, shaft stationary",servo-app/lab-0.1
1781157384.8472266,82.40308213233948,A1_HOLDING_SERVO_ON,A1_HOLDING_SERVO_ON_R03_20260611_125501,delta-asda-b3-e,1616,VE|SOD|TR,1,0,-7101,0,0,0.0,0,0.0,298,49,4270,2391,6000,,0,,,,holding,normal,0,no_load,none,"A1: Servo ON, shaft stationary",servo-app/lab-0.1
1781157384.9478693,82.5037248134613,A1_HOLDING_SERVO_ON,A1_HOLDING_SERVO_ON_R03_20260611_125501,delta-asda-b3-e,1616,VE|SOD|TR,1,0,-7101,0,-1,-0.00427,-1,-0.002391,298,49,4270,2391,6000,,0,,,,holding,normal,0,no_load,none,"A1: Servo ON, shaft stationary",servo-app/lab-0.1
1781157385.0481818,82.60403728485107,A1_HOLDING_SERVO_ON,A1_HOLDING_SERVO_ON_R03_20260611_125501,delta-asda-b3-e,1616,VE|SOD|TR,1,0,-7101,0,0,0.0,0,0.0,298,49,4270,2391,6000,,0,,,,holding,normal,0,no_load,none,"A1: Servo ON, shaft stationary",servo-app/lab-0.1
1781157385.1488614,82.70471692085266,A1_HOLDING_SERVO_ON,A1_HOLDING_SERVO_ON_R03_20260611_125501,delta-asda-b3-e,1616,VE|SOD|TR,1,0,-7087,0,-1,-0.00427,-1,-0.002391,298,49,4270,2391,6000,,0,,,,holding,normal,0,no_load,none,"A1: Servo ON, shaft stationary",servo-app/lab-0.1
1781157385.2493782,82.80523371696472,A1_HOLDING_SERVO_ON,A1_HOLDING_SERVO_ON_R03_20260611_125501,delta-asda-b3-e,1616,VE|SOD|TR,1,0,-7101,0,0,0.0,-1,-0.002391,298,49,4270,2391,6000,,0,,,,holding,normal,0,no_load,none,"A1: Servo ON, shaft stationary",servo-app/lab-0.1
1781157385.3494954,82.90535092353821,A1_HOLDING_SERVO_ON,A1_HOLDING_SERVO_ON_R03_20260611_125501,delta-asda-b3-e,1616,VE|SOD|TR,1,0,-7101,0,-1,-0.00427,0,0.0,298,49,4270,2391,6000,,0,,,,holding,normal,0,no_load,none,"A1: Servo ON, shaft stationary",servo-app/lab-0.1
1781157385.4500637,83.00591921806335,A1_HOLDING_SERVO_ON,A1_HOLDING_SERVO_ON_R03_20260611_125501,delta-asda-b3-e,1616,VE|SOD|TR,1,0,-7101,0,0,0.0,0,0.0,298,49,4270,2391,6000,,0,,,,holding,normal,0,no_load,none,"A1: Servo ON, shaft stationary",servo-app/lab-0.1
1781157385.5505824,83.10643792152405,A1_HOLDING_SERVO_ON,A1_HOLDING_SERVO_ON_R03_20260611_125501,delta-asda-b3-e,1616,VE|SOD|TR,1,0,-7101,0,0,0.0,-1,-0.002391,298,49,4270,2391,6000,,0,,,,holding,normal,0,no_load,none,"A1: Servo ON, shaft stationary",servo-app/lab-0.1
1781157385.6513975,83.20725297927856,A1_HOLDING_SERVO_ON,A1_HOLDING_SERVO_ON_R03_20260611_125501,delta-asda-b3-e,1616,VE|SOD|TR,1,0,-7101,0,-1,-0.00427,-1,-0.002391,298,49,4270,2391,6000,,0,,,,holding,normal,0,no_load,none,"A1: Servo ON, shaft stationary",servo-app/lab-0.1
1781157385.7514427,83.30729818344116,A1_HOLDING_SERVO_ON,A1_HOLDING_SERVO_ON_R03_20260611_125501,delta-asda-b3-e,1616,VE|SOD|TR,1,0,-7101,0,0,0.0,-1,-0.002391,298,49,4270,2391,6000,,0,,,,holding,normal,0,no_load,none,"A1: Servo ON, shaft stationary",servo-app/lab-0.1
1781157385.8519442,83.40779972076416,A1_HOLDING_SERVO_ON,A1_HOLDING_SERVO_ON_R03_20260611_125501,delta-asda-b3-e,1616,VE|SOD|TR,1,0,-7097,0,0,0.0,-1,-0.002391,298,49,4270,2391,6000,,0,,,,holding,normal,0,no_load,none,"A1: Servo ON, shaft stationary",servo-app/lab-0.1
1781157385.952376,83.50823140144348,A1_HOLDING_SERVO_ON,A1_HOLDING_SERVO_ON_R03_20260611_125501,delta-asda-b3-e,1616,VE|SOD|TR,1,0,-7101,0,-1,-0.00427,-1,-0.002391,298,49,4270,2391,6000,,0,,,,holding,normal,0,no_load,none,"A1: Servo ON, shaft stationary",servo-app/lab-0.1
1781157386.0528352,83.60869073867798,A1_HOLDING_SERVO_ON,A1_HOLDING_SERVO_ON_R03_20260611_125501,delta-asda-b3-e,1616,VE|SOD|TR,1,0,-7101,0,-1,-0.00427,-1,-0.002391,298,49,4270,2391,6000,,0,,,,holding,normal,0,no_load,none,"A1: Servo ON, shaft stationary",servo-app/lab-0.1
1781157386.15334,83.70919561386108,A1_HOLDING_SERVO_ON,A1_HOLDING_SERVO_ON_R03_20260611_125501,delta-asda-b3-e,1616,VE|SOD|TR,1,0,-7101,0,0,0.0,0,0.0,298,49,4270,2391,6000,,0,,,,holding,normal,0,no_load,none,"A1: Servo ON, shaft stationary",servo-app/lab-0.1
1781157386.2538433,83.80969882011414,A1_HOLDING_SERVO_ON,A1_HOLDING_SERVO_ON_R03_20260611_125501,delta-asda-b3-e,1616,VE|SOD|TR,1,0,-7101,0,-1,-0.00427,0,0.0,298,49,4270,2391,6000,,0,,,,holding,normal,0,no_load,none,"A1: Servo ON, shaft stationary",servo-app/lab-0.1
1781157386.3541694,83.91002488136292,A1_HOLDING_SERVO_ON,A1_HOLDING_SERVO_ON_R03_20260611_125501,delta-asda-b3-e,1616,VE|SOD|TR,1,0,-7091,0,0,0.0,-1,-0.002391,298,49,4270,2391,6000,,0,,,,holding,normal,0,no_load,none,"A1: Servo ON, shaft stationary",servo-app/lab-0.1
1781157386.4546762,84.01053166389465,A1_HOLDING_SERVO_ON,A1_HOLDING_SERVO_ON_R03_20260611_125501,delta-asda-b3-e,1616,VE|SOD|TR,1,0,-7101,0,0,0.0,-1,-0.002391,298,49,4270,2391,6000,,0,,,,holding,normal,0,no_load,none,"A1: Servo ON, shaft stationary",servo-app/lab-0.1
1781157386.5551507,84.11100625991821,A1_HOLDING_SERVO_ON,A1_HOLDING_SERVO_ON_R03_20260611_125501,delta-asda-b3-e,1616,VE|SOD|TR,1,0,-7101,0,-1,-0.00427,-1,-0.002391,298,49,4270,2391,6000,,0,,,,holding,normal,0,no_load,none,"A1: Servo ON, shaft stationary",servo-app/lab-0.1
1781157386.65558,84.21143555641174,A1_HOLDING_SERVO_ON,A1_HOLDING_SERVO_ON_R03_20260611_125501,delta-asda-b3-e,1616,VE|SOD|TR,1,0,-7091,0,0,0.0,0,0.0,299,49,4270,2391,6000,,0,,,,holding,normal,0,no_load,none,"A1: Servo ON, shaft stationary",servo-app/lab-0.1
1781157386.7560349,84.31189036369324,A1_HOLDING_SERVO_ON,A1_HOLDING_SERVO_ON_R03_20260611_125501,delta-asda-b3-e,1616,VE|SOD|TR,1,0,-7101,0,-1,-0.00427,0,0.0,299,49,4270,2391,6000,,0,,,,holding,normal,0,no_load,none,"A1: Servo ON, shaft stationary",servo-app/lab-0.1
1781157386.856172,84.41202759742737,A1_HOLDING_SERVO_ON,A1_HOLDING_SERVO_ON_R03_20260611_125501,delta-asda-b3-e,1616,VE|SOD|TR,1,0,-7101,0,-1,-0.00427,0,0.0,299,49,4270,2391,6000,,0,,,,holding,normal,0,no_load,none,"A1: Servo ON, shaft stationary",servo-app/lab-0.1
1781157386.9566295,84.51248502731323,A1_HOLDING_SERVO_ON,A1_HOLDING_SERVO_ON_R03_20260611_125501,delta-asda-b3-e,1616,VE|SOD|TR,1,0,-7101,0,0,0.0,-1,-0.002391,299,49,4270,2391,6000,,0,,,,holding,normal,0,no_load,none,"A1: Servo ON, shaft stationary",servo-app/lab-0.1
1781157387.0570757,84.61293125152588,A1_HOLDING_SERVO_ON,A1_HOLDING_SERVO_ON_R03_20260611_125501,delta-asda-b3-e,1616,VE|SOD|TR,1,0,-7095,0,0,0.0,0,0.0,298,49,4270,2391,6000,,0,,,,holding,normal,0,no_load,none,"A1: Servo ON, shaft stationary",servo-app/lab-0.1
1781157387.1574085,84.71326398849487,A1_HOLDING_SERVO_ON,A1_HOLDING_SERVO_ON_R03_20260611_125501,delta-asda-b3-e,1616,VE|SOD|TR,1,0,-7101,0,0,0.0,0,0.0,298,49,4270,2391,6000,,0,,,,holding,normal,0,no_load,none,"A1: Servo ON, shaft stationary",servo-app/lab-0.1
1781157387.2579234,84.8137788772583,A1_HOLDING_SERVO_ON,A1_HOLDING_SERVO_ON_R03_20260611_125501,delta-asda-b3-e,1616,VE|SOD|TR,1,0,-7101,0,-1,-0.00427,0,0.0,298,49,4270,2391,6000,,0,,,,holding,normal,0,no_load,none,"A1: Servo ON, shaft stationary",servo-app/lab-0.1
1781157387.3579612,84.91381669044495,A1_HOLDING_SERVO_ON,A1_HOLDING_SERVO_ON_R03_20260611_125501,delta-asda-b3-e,1616,VE|SOD|TR,1,0,-7101,0,-1,-0.00427,-1,-0.002391,298,49,4270,2391,6000,,0,,,,holding,normal,0,no_load,none,"A1: Servo ON, shaft stationary",servo-app/lab-0.1
1781157387.4583828,85.01423835754395,A1_HOLDING_SERVO_ON,A1_HOLDING_SERVO_ON_R03_20260611_125501,delta-asda-b3-e,1616,VE|SOD|TR,1,0,-7101,0,0,0.0,0,0.0,299,49,4270,2391,6000,,0,,,,holding,normal,0,no_load,none,"A1: Servo ON, shaft stationary",servo-app/lab-0.1
1781157387.5584073,85.11426281929016,A1_HOLDING_SERVO_ON,A1_HOLDING_SERVO_ON_R03_20260611_125501,delta-asda-b3-e,1616,VE|SOD|TR,1,0,-7101,0,-1,-0.00427,-1,-0.002391,298,49,4270,2391,6000,,0,,,,holding,normal,0,no_load,none,"A1: Servo ON, shaft stationary",servo-app/lab-0.1
1781157387.6584706,85.21432614326477,A1_HOLDING_SERVO_ON,A1_HOLDING_SERVO_ON_R03_20260611_125501,delta-asda-b3-e,1616,VE|SOD|TR,1,0,-7097,0,0,0.0,0,0.0,298,49,4270,2391,6000,,0,,,,holding,normal,0,no_load,none,"A1: Servo ON, shaft stationary",servo-app/lab-0.1
1781157387.758682,85.314537525177,A1_HOLDING_SERVO_ON,A1_HOLDING_SERVO_ON_R03_20260611_125501,delta-asda-b3-e,1616,VE|SOD|TR,1,0,-7101,0,-1,-0.00427,0,0.0,299,49,4270,2391,6000,,0,,,,holding,normal,0,no_load,none,"A1: Servo ON, shaft stationary",servo-app/lab-0.1
1781157387.8590832,85.4149386882782,A1_HOLDING_SERVO_ON,A1_HOLDING_SERVO_ON_R03_20260611_125501,delta-asda-b3-e,1616,VE|SOD|TR,1,0,-7101,0,0,0.0,-1,-0.002391,299,49,4270,2391,6000,,0,,,,holding,normal,0,no_load,none,"A1: Servo ON, shaft stationary",servo-app/lab-0.1
1781157387.959596,85.51545143127441,A1_HOLDING_SERVO_ON,A1_HOLDING_SERVO_ON_R03_20260611_125501,delta-asda-b3-e,1616,VE|SOD|TR,1,0,-7101,0,-1,-0.00427,-1,-0.002391,298,49,4270,2391,6000,,0,,,,holding,normal,0,no_load,none,"A1: Servo ON, shaft stationary",servo-app/lab-0.1
1781157388.0596704,85.61552596092224,A1_HOLDING_SERVO_ON,A1_HOLDING_SERVO_ON_R03_20260611_125501,delta-asda-b3-e,1616,VE|SOD|TR,1,0,-7101,0,0,0.0,0,0.0,298,49,4270,2391,6000,,0,,,,holding,normal,0,no_load,none,"A1: Servo ON, shaft stationary",servo-app/lab-0.1
1781157388.1598623,85.71571779251099,A1_HOLDING_SERVO_ON,A1_HOLDING_SERVO_ON_R03_20260611_125501,delta-asda-b3-e,1616,VE|SOD|TR,1,0,-7101,0,0,0.0,-1,-0.002391,299,49,4270,2391,6000,,0,,,,holding,normal,0,no_load,none,"A1: Servo ON, shaft stationary",servo-app/lab-0.1
1781157388.2599895,85.8158450126648,A1_HOLDING_SERVO_ON,A1_HOLDING_SERVO_ON_R03_20260611_125501,delta-asda-b3-e,1616,VE|SOD|TR,1,0,-7101,0,0,0.0,-1,-0.002391,298,49,4270,2391,6000,,0,,,,holding,normal,0,no_load,none,"A1: Servo ON, shaft stationary",servo-app/lab-0.1
1781157388.3604558,85.91631126403809,A1_HOLDING_SERVO_ON,A1_HOLDING_SERVO_ON_R03_20260611_125501,delta-asda-b3-e,1616,VE|SOD|TR,1,0,-7101,0,0,0.0,0,0.0,298,49,4270,2391,6000,,0,,,,holding,normal,0,no_load,none,"A1: Servo ON, shaft stationary",servo-app/lab-0.1
1781157388.4607701,86.01662564277649,A1_HOLDING_SERVO_ON,A1_HOLDING_SERVO_ON_R03_20260611_125501,delta-asda-b3-e,1616,VE|SOD|TR,1,0,-7101,0,0,0.0,0,0.0,298,49,4270,2391,6000,,0,,,,holding,normal,0,no_load,none,"A1: Servo ON, shaft stationary",servo-app/lab-0.1
1781157388.5608916,86.1167471408844,A1_HOLDING_SERVO_ON,A1_HOLDING_SERVO_ON_R03_20260611_125501,delta-asda-b3-e,1616,VE|SOD|TR,1,0,-7091,0,0,0.0,-1,-0.002391,299,49,4270,2391,6000,,0,,,,holding,normal,0,no_load,none,"A1: Servo ON, shaft stationary",servo-app/lab-0.1
1781157388.6611514,86.21700692176819,A1_HOLDING_SERVO_ON,A1_HOLDING_SERVO_ON_R03_20260611_125501,delta-asda-b3-e,1616,VE|SOD|TR,1,0,-7101,0,-1,-0.00427,0,0.0,298,49,4270,2391,6000,,0,,,,holding,normal,0,no_load,none,"A1: Servo ON, shaft stationary",servo-app/lab-0.1
1781157388.7614913,86.31734681129456,A1_HOLDING_SERVO_ON,A1_HOLDING_SERVO_ON_R03_20260611_125501,delta-asda-b3-e,1616,VE|SOD|TR,1,0,-7101,0,0,0.0,0,0.0,299,49,4270,2391,6000,,0,,,,holding,normal,0,no_load,none,"A1: Servo ON, shaft stationary",servo-app/lab-0.1
1781157388.8619223,86.41777777671814,A1_HOLDING_SERVO_ON,A1_HOLDING_SERVO_ON_R03_20260611_125501,delta-asda-b3-e,1616,VE|SOD|TR,1,0,-7095,0,0,0.0,0,0.0,299,49,4270,2391,6000,,0,,,,holding,normal,0,no_load,none,"A1: Servo ON, shaft stationary",servo-app/lab-0.1
1781157388.962068,86.51792359352112,A1_HOLDING_SERVO_ON,A1_HOLDING_SERVO_ON_R03_20260611_125501,delta-asda-b3-e,1616,VE|SOD|TR,1,0,-7095,0,0,0.0,-1,-0.002391,298,49,4270,2391,6000,,0,,,,holding,normal,0,no_load,none,"A1: Servo ON, shaft stationary",servo-app/lab-0.1
1781157389.0622087,86.61806416511536,A1_HOLDING_SERVO_ON,A1_HOLDING_SERVO_ON_R03_20260611_125501,delta-asda-b3-e,1616,VE|SOD|TR,1,0,-7101,0,-1,-0.00427,0,0.0,299,49,4270,2391,6000,,0,,,,holding,normal,0,no_load,none,"A1: Servo ON, shaft stationary",servo-app/lab-0.1
1781157389.1625376,86.71839308738708,A1_HOLDING_SERVO_ON,A1_HOLDING_SERVO_ON_R03_20260611_125501,delta-asda-b3-e,1616,VE|SOD|TR,1,0,-7097,0,0,0.0,-1,-0.002391,298,49,4270,2391,6000,,0,,,,holding,normal,0,no_load,none,"A1: Servo ON, shaft stationary",servo-app/lab-0.1
1781157389.263004,86.81885957717896,A1_HOLDING_SERVO_ON,A1_HOLDING_SERVO_ON_R03_20260611_125501,delta-asda-b3-e,1616,VE|SOD|TR,1,0,-7101,0,-1,-0.00427,0,0.0,298,49,4270,2391,6000,,0,,,,holding,normal,0,no_load,none,"A1: Servo ON, shaft stationary",servo-app/lab-0.1
1781157389.363272,86.91912746429443,A1_HOLDING_SERVO_ON,A1_HOLDING_SERVO_ON_R03_20260611_125501,delta-asda-b3-e,1616,VE|SOD|TR,1,0,-7091,0,-1,-0.00427,-1,-0.002391,299,49,4270,2391,6000,,0,,,,holding,normal,0,no_load,none,"A1: Servo ON, shaft stationary",servo-app/lab-0.1
1781157389.4637246,87.01958012580872,A1_HOLDING_SERVO_ON,A1_HOLDING_SERVO_ON_R03_20260611_125501,delta-asda-b3-e,1616,VE|SOD|TR,1,0,-7101,0,0,0.0,0,0.0,299,49,4270,2391,6000,,0,,,,holding,normal,0,no_load,none,"A1: Servo ON, shaft stationary",servo-app/lab-0.1
1781157389.5640304,87.11988592147827,A1_HOLDING_SERVO_ON,A1_HOLDING_SERVO_ON_R03_20260611_125501,delta-asda-b3-e,1616,VE|SOD|TR,1,0,-7101,0,0,0.0,-1,-0.002391,298,49,4270,2391,6000,,0,,,,holding,normal,0,no_load,none,"A1: Servo ON, shaft stationary",servo-app/lab-0.1
1781157389.719385,87.27524042129517,A1_HOLDING_SERVO_ON,A1_HOLDING_SERVO_ON_R03_20260611_125501,delta-asda-b3-e,1616,VE|SOD|TR,1,0,-7101,0,0,0.0,0,0.0,299,49,4270,2391,6000,,0,,,,holding,normal,0,no_load,none,"A1: Servo ON, shaft stationary",servo-app/lab-0.1
1781157389.819869,87.37572455406189,A1_HOLDING_SERVO_ON,A1_HOLDING_SERVO_ON_R03_20260611_125501,delta-asda-b3-e,1616,VE|SOD|TR,1,0,-7097,0,-1,-0.00427,0,0.0,299,49,4270,2391,6000,,0,,,,holding,normal,0,no_load,none,"A1: Servo ON, shaft stationary",servo-app/lab-0.1
1781157389.920671,87.47652649879456,A1_HOLDING_SERVO_ON,A1_HOLDING_SERVO_ON_R03_20260611_125501,delta-asda-b3-e,1616,VE|SOD|TR,1,0,-7091,0,0,0.0,0,0.0,299,49,4270,2391,6000,,0,,,,holding,normal,0,no_load,none,"A1: Servo ON, shaft stationary",servo-app/lab-0.1
1781157390.0212636,87.57711911201477,A1_HOLDING_SERVO_ON,A1_HOLDING_SERVO_ON_R03_20260611_125501,delta-asda-b3-e,1616,VE|SOD|TR,1,0,-7087,0,-1,-0.00427,-1,-0.002391,299,49,4270,2391,6000,,0,,,,holding,normal,0,no_load,none,"A1: Servo ON, shaft stationary",servo-app/lab-0.1
1781157390.121515,87.67737054824829,A1_HOLDING_SERVO_ON,A1_HOLDING_SERVO_ON_R03_20260611_125501,delta-asda-b3-e,1616,VE|SOD|TR,1,0,-7091,0,-1,-0.00427,-1,-0.002391,298,49,4270,2391,6000,,0,,,,holding,normal,0,no_load,none,"A1: Servo ON, shaft stationary",servo-app/lab-0.1
1781157390.2224233,87.77827882766724,A1_HOLDING_SERVO_ON,A1_HOLDING_SERVO_ON_R03_20260611_125501,delta-asda-b3-e,1616,VE|SOD|TR,1,0,-7101,0,-1,-0.00427,-1,-0.002391,298,49,4270,2391,6000,,0,,,,holding,normal,0,no_load,none,"A1: Servo ON, shaft stationary",servo-app/lab-0.1
1781157390.3229597,87.87881517410278,A1_HOLDING_SERVO_ON,A1_HOLDING_SERVO_ON_R03_20260611_125501,delta-asda-b3-e,1616,VE|SOD|TR,1,0,-7095,0,-1,-0.00427,0,0.0,299,49,4270,2391,6000,,0,,,,holding,normal,0,no_load,none,"A1: Servo ON, shaft stationary",servo-app/lab-0.1
1781157390.4240212,87.97987675666809,A1_HOLDING_SERVO_ON,A1_HOLDING_SERVO_ON_R03_20260611_125501,delta-asda-b3-e,1616,VE|SOD|TR,1,0,-7101,0,0,0.0,0,0.0,299,49,4270,2391,6000,,0,,,,holding,normal,0,no_load,none,"A1: Servo ON, shaft stationary",servo-app/lab-0.1
1781157390.5244353,88.08029079437256,A1_HOLDING_SERVO_ON,A1_HOLDING_SERVO_ON_R03_20260611_125501,delta-asda-b3-e,1616,VE|SOD|TR,1,0,-7101,0,-1,-0.00427,-1,-0.002391,298,49,4270,2391,6000,,0,,,,holding,normal,0,no_load,none,"A1: Servo ON, shaft stationary",servo-app/lab-0.1
1781157390.625068,88.18092346191406,A1_HOLDING_SERVO_ON,A1_HOLDING_SERVO_ON_R03_20260611_125501,delta-asda-b3-e,1616,VE|SOD|TR,1,0,-7101,0,-1,-0.00427,-1,-0.002391,299,49,4270,2391,6000,,0,,,,holding,normal,0,no_load,none,"A1: Servo ON, shaft stationary",servo-app/lab-0.1
1781157390.72543,88.28128552436829,A1_HOLDING_SERVO_ON,A1_HOLDING_SERVO_ON_R03_20260611_125501,delta-asda-b3-e,1616,VE|SOD|TR,1,0,-7101,0,-1,-0.00427,-1,-0.002391,299,49,4270,2391,6000,,0,,,,holding,normal,0,no_load,none,"A1: Servo ON, shaft stationary",servo-app/lab-0.1
1781157390.8256016,88.38145709037781,A1_HOLDING_SERVO_ON,A1_HOLDING_SERVO_ON_R03_20260611_125501,delta-asda-b3-e,1616,VE|SOD|TR,1,0,-7101,0,-1,-0.00427,-1,-0.002391,299,49,4270,2391,6000,,0,,,,holding,normal,0,no_load,none,"A1: Servo ON, shaft stationary",servo-app/lab-0.1
1781157390.9260015,88.48185706138611,A1_HOLDING_SERVO_ON,A1_HOLDING_SERVO_ON_R03_20260611_125501,delta-asda-b3-e,1616,VE|SOD|TR,1,0,-7101,0,0,0.0,-1,-0.002391,299,49,4270,2391,6000,,0,,,,holding,normal,0,no_load,none,"A1: Servo ON, shaft stationary",servo-app/lab-0.1
1781157391.0261576,88.58201313018799,A1_HOLDING_SERVO_ON,A1_HOLDING_SERVO_ON_R03_20260611_125501,delta-asda-b3-e,1616,VE|SOD|TR,1,0,-7101,0,-1,-0.00427,-1,-0.002391,299,49,4270,2391,6000,,0,,,,holding,normal,0,no_load,none,"A1: Servo ON, shaft stationary",servo-app/lab-0.1
1781157391.1265655,88.6824209690094,A1_HOLDING_SERVO_ON,A1_HOLDING_SERVO_ON_R03_20260611_125501,delta-asda-b3-e,1616,VE|SOD|TR,1,0,-7101,0,0,0.0,-1,-0.002391,298,49,4270,2391,6000,,0,,,,holding,normal,0,no_load,none,"A1: Servo ON, shaft stationary",servo-app/lab-0.1
1781157391.2268548,88.782710313797,A1_HOLDING_SERVO_ON,A1_HOLDING_SERVO_ON_R03_20260611_125501,delta-asda-b3-e,1616,VE|SOD|TR,1,0,-7091,0,0,0.0,-1,-0.002391,299,49,4270,2391,6000,,0,,,,holding,normal,0,no_load,none,"A1: Servo ON, shaft stationary",servo-app/lab-0.1
1781157391.3276725,88.88352799415588,A1_HOLDING_SERVO_ON,A1_HOLDING_SERVO_ON_R03_20260611_125501,delta-asda-b3-e,1616,VE|SOD|TR,1,0,-7101,0,0,0.0,-1,-0.002391,299,49,4270,2391,6000,,0,,,,holding,normal,0,no_load,none,"A1: Servo ON, shaft stationary",servo-app/lab-0.1
1781157391.4280488,88.98390436172485,A1_HOLDING_SERVO_ON,A1_HOLDING_SERVO_ON_R03_20260611_125501,delta-asda-b3-e,1616,VE|SOD|TR,1,0,-7091,0,0,0.0,0,0.0,299,49,4270,2391,6000,,0,,,,holding,normal,0,no_load,none,"A1: Servo ON, shaft stationary",servo-app/lab-0.1
1781157391.5287023,89.08455777168274,A1_HOLDING_SERVO_ON,A1_HOLDING_SERVO_ON_R03_20260611_125501,delta-asda-b3-e,1616,VE|SOD|TR,1,0,-7101,0,-1,-0.00427,-1,-0.002391,299,49,4270,2391,6000,,0,,,,holding,normal,0,no_load,none,"A1: Servo ON, shaft stationary",servo-app/lab-0.1
1781157391.629094,89.18494939804077,A1_HOLDING_SERVO_ON,A1_HOLDING_SERVO_ON_R03_20260611_125501,delta-asda-b3-e,1616,VE|SOD|TR,1,0,-7097,0,-1,-0.00427,-1,-0.002391,299,49,4270,2391,6000,,0,,,,holding,normal,0,no_load,none,"A1: Servo ON, shaft stationary",servo-app/lab-0.1
1781157391.729466,89.28532147407532,A1_HOLDING_SERVO_ON,A1_HOLDING_SERVO_ON_R03_20260611_125501,delta-asda-b3-e,1616,VE|SOD|TR,1,0,-7101,0,-1,-0.00427,-1,-0.002391,299,49,4270,2391,6000,,0,,,,holding,normal,0,no_load,none,"A1: Servo ON, shaft stationary",servo-app/lab-0.1
1781157391.8299267,89.38578224182129,A1_HOLDING_SERVO_ON,A1_HOLDING_SERVO_ON_R03_20260611_125501,delta-asda-b3-e,1616,VE|SOD|TR,1,0,-7101,0,0,0.0,0,0.0,299,49,4270,2391,6000,,0,,,,holding,normal,0,no_load,none,"A1: Servo ON, shaft stationary",servo-app/lab-0.1
1781157391.9302597,89.48611521720886,A1_HOLDING_SERVO_ON,A1_HOLDING_SERVO_ON_R03_20260611_125501,delta-asda-b3-e,1616,VE|SOD|TR,1,0,-7101,0,-1,-0.00427,-1,-0.002391,298,49,4270,2391,6000,,0,,,,holding,normal,0,no_load,none,"A1: Servo ON, shaft stationary",servo-app/lab-0.1
1781157392.0310223,89.58687782287598,A1_HOLDING_SERVO_ON,A1_HOLDING_SERVO_ON_R03_20260611_125501,delta-asda-b3-e,1616,VE|SOD|TR,1,0,-7101,0,-1,-0.00427,0,0.0,298,49,4270,2391,6000,,0,,,,holding,normal,0,no_load,none,"A1: Servo ON, shaft stationary",servo-app/lab-0.1
1781157392.131237,89.68709254264832,A1_HOLDING_SERVO_ON,A1_HOLDING_SERVO_ON_R03_20260611_125501,delta-asda-b3-e,1616,VE|SOD|TR,1,0,-7095,0,0,0.0,0,0.0,299,49,4270,2391,6000,,0,,,,holding,normal,0,no_load,none,"A1: Servo ON, shaft stationary",servo-app/lab-0.1
1781157392.2319863,89.787841796875,A1_HOLDING_SERVO_ON,A1_HOLDING_SERVO_ON_R03_20260611_125501,delta-asda-b3-e,1616,VE|SOD|TR,1,0,-7101,0,0,0.0,-1,-0.002391,299,49,4270,2391,6000,,0,,,,holding,normal,0,no_load,none,"A1: Servo ON, shaft stationary",servo-app/lab-0.1
1781157392.3322723,89.88812780380249,A1_HOLDING_SERVO_ON,A1_HOLDING_SERVO_ON_R03_20260611_125501,delta-asda-b3-e,1616,VE|SOD|TR,1,0,-7101,0,0,0.0,0,0.0,299,49,4270,2391,6000,,0,,,,holding,normal,0,no_load,none,"A1: Servo ON, shaft stationary",servo-app/lab-0.1
1781157392.4329674,89.98882293701172,A1_HOLDING_SERVO_ON,A1_HOLDING_SERVO_ON_R03_20260611_125501,delta-asda-b3-e,1616,VE|SOD|TR,1,0,-7101,0,0,0.0,0,0.0,298,49,4270,2391,6000,,0,,,,holding,normal,0,no_load,none,"A1: Servo ON, shaft stationary",servo-app/lab-0.1
1781157392.5331256,90.08898115158081,A1_HOLDING_SERVO_ON,A1_HOLDING_SERVO_ON_R03_20260611_125501,delta-asda-b3-e,1616,VE|SOD|TR,1,0,-7101,0,0,0.0,0,0.0,299,49,4270,2391,6000,,0,,,,holding,normal,0,no_load,none,"A1: Servo ON, shaft stationary",servo-app/lab-0.1
1781157392.633313,90.18916845321655,A1_HOLDING_SERVO_ON,A1_HOLDING_SERVO_ON_R03_20260611_125501,delta-asda-b3-e,1616,VE|SOD|TR,1,0,-7101,0,0,0.0,0,0.0,299,49,4270,2391,6000,,0,,,,holding,normal,0,no_load,none,"A1: Servo ON, shaft stationary",servo-app/lab-0.1
1781157392.7343192,90.29017472267151,A1_HOLDING_SERVO_ON,A1_HOLDING_SERVO_ON_R03_20260611_125501,delta-asda-b3-e,1616,VE|SOD|TR,1,0,-7101,0,-1,-0.00427,-1,-0.002391,299,49,4270,2391,6000,,0,,,,holding,normal,0,no_load,none,"A1: Servo ON, shaft stationary",servo-app/lab-0.1
1781157392.8348525,90.39070796966553,A1_HOLDING_SERVO_ON,A1_HOLDING_SERVO_ON_R03_20260611_125501,delta-asda-b3-e,1616,VE|SOD|TR,1,0,-7101,0,-1,-0.00427,-1,-0.002391,299,49,4270,2391,6000,,0,,,,holding,normal,0,no_load,none,"A1: Servo ON, shaft stationary",servo-app/lab-0.1
1781157392.9350984,90.49095392227173,A1_HOLDING_SERVO_ON,A1_HOLDING_SERVO_ON_R03_20260611_125501,delta-asda-b3-e,1616,VE|SOD|TR,1,0,-7101,0,0,0.0,0,0.0,299,49,4270,2391,6000,,0,,,,holding,normal,0,no_load,none,"A1: Servo ON, shaft stationary",servo-app/lab-0.1
1781157393.035156,90.59101152420044,A1_HOLDING_SERVO_ON,A1_HOLDING_SERVO_ON_R03_20260611_125501,delta-asda-b3-e,1616,VE|SOD|TR,1,0,-7101,0,0,0.0,0,0.0,299,49,4270,2391,6000,,0,,,,holding,normal,0,no_load,none,"A1: Servo ON, shaft stationary",servo-app/lab-0.1
1781157393.1352553,90.6911108493805,A1_HOLDING_SERVO_ON,A1_HOLDING_SERVO_ON_R03_20260611_125501,delta-asda-b3-e,1616,VE|SOD|TR,1,0,-7101,0,0,0.0,0,0.0,299,49,4270,2391,6000,,0,,,,holding,normal,0,no_load,none,"A1: Servo ON, shaft stationary",servo-app/lab-0.1
1781157393.2355018,90.79135727882385,A1_HOLDING_SERVO_ON,A1_HOLDING_SERVO_ON_R03_20260611_125501,delta-asda-b3-e,1616,VE|SOD|TR,1,0,-7101,0,-1,-0.00427,-1,-0.002391,299,49,4270,2391,6000,,0,,,,holding,normal,0,no_load,none,"A1: Servo ON, shaft stationary",servo-app/lab-0.1
1781157393.335896,90.89175152778625,A1_HOLDING_SERVO_ON,A1_HOLDING_SERVO_ON_R03_20260611_125501,delta-asda-b3-e,1616,VE|SOD|TR,1,0,-7101,0,0,0.0,-1,-0.002391,298,49,4270,2391,6000,,0,,,,holding,normal,0,no_load,none,"A1: Servo ON, shaft stationary",servo-app/lab-0.1
1781157393.436157,90.99201250076294,A1_HOLDING_SERVO_ON,A1_HOLDING_SERVO_ON_R03_20260611_125501,delta-asda-b3-e,1616,VE|SOD|TR,1,0,-7097,0,0,0.0,0,0.0,299,49,4270,2391,6000,,0,,,,holding,normal,0,no_load,none,"A1: Servo ON, shaft stationary",servo-app/lab-0.1
1781157393.5366275,91.09248304367065,A1_HOLDING_SERVO_ON,A1_HOLDING_SERVO_ON_R03_20260611_125501,delta-asda-b3-e,1616,VE|SOD|TR,1,0,-7095,0,-1,-0.00427,-1,-0.002391,299,49,4270,2391,6000,,0,,,,holding,normal,0,no_load,none,"A1: Servo ON, shaft stationary",servo-app/lab-0.1
1781157393.6374028,91.19325828552246,A1_HOLDING_SERVO_ON,A1_HOLDING_SERVO_ON_R03_20260611_125501,delta-asda-b3-e,1616,VE|SOD|TR,1,0,-7101,0,0,0.0,-1,-0.002391,299,49,4270,2391,6000,,0,,,,holding,normal,0,no_load,none,"A1: Servo ON, shaft stationary",servo-app/lab-0.1
1781157393.737895,91.29375052452087,A1_HOLDING_SERVO_ON,A1_HOLDING_SERVO_ON_R03_20260611_125501,delta-asda-b3-e,1616,VE|SOD|TR,1,0,-7101,0,-1,-0.00427,0,0.0,299,49,4270,2391,6000,,0,,,,holding,normal,0,no_load,none,"A1: Servo ON, shaft stationary",servo-app/lab-0.1
1781157393.838144,91.3939995765686,A1_HOLDING_SERVO_ON,A1_HOLDING_SERVO_ON_R03_20260611_125501,delta-asda-b3-e,1616,VE|SOD|TR,1,0,-7101,0,-1,-0.00427,0,0.0,299,49,4270,2391,6000,,0,,,,holding,normal,0,no_load,none,"A1: Servo ON, shaft stationary",servo-app/lab-0.1
1781157393.9384947,91.49435019493103,A1_HOLDING_SERVO_ON,A1_HOLDING_SERVO_ON_R03_20260611_125501,delta-asda-b3-e,1616,VE|SOD|TR,1,0,-7101,0,0,0.0,-1,-0.002391,299,49,4270,2391,6000,,0,,,,holding,normal,0,no_load,none,"A1: Servo ON, shaft stationary",servo-app/lab-0.1
1781157394.0389059,91.59476137161255,A1_HOLDING_SERVO_ON,A1_HOLDING_SERVO_ON_R03_20260611_125501,delta-asda-b3-e,1616,VE|SOD|TR,1,0,-7101,0,0,0.0,0,0.0,298,49,4270,2391,6000,,0,,,,holding,normal,0,no_load,none,"A1: Servo ON, shaft stationary",servo-app/lab-0.1
1781157394.1393588,91.69521427154541,A1_HOLDING_SERVO_ON,A1_HOLDING_SERVO_ON_R03_20260611_125501,delta-asda-b3-e,1616,VE|SOD|TR,1,0,-7091,0,-1,-0.00427,-1,-0.002391,298,49,4270,2391,6000,,0,,,,holding,normal,0,no_load,none,"A1: Servo ON, shaft stationary",servo-app/lab-0.1
1781157394.2397146,91.79557013511658,A1_HOLDING_SERVO_ON,A1_HOLDING_SERVO_ON_R03_20260611_125501,delta-asda-b3-e,1616,VE|SOD|TR,1,0,-7101,0,-1,-0.00427,0,0.0,299,49,4270,2391,6000,,0,,,,holding,normal,0,no_load,none,"A1: Servo ON, shaft stationary",servo-app/lab-0.1
1781157394.3402212,91.89607667922974,A1_HOLDING_SERVO_ON,A1_HOLDING_SERVO_ON_R03_20260611_125501,delta-asda-b3-e,1616,VE|SOD|TR,1,0,-7095,0,-1,-0.00427,0,0.0,299,49,4270,2391,6000,,0,,,,holding,normal,0,no_load,none,"A1: Servo ON, shaft stationary",servo-app/lab-0.1
1781157394.440771,91.99662661552429,A1_HOLDING_SERVO_ON,A1_HOLDING_SERVO_ON_R03_20260611_125501,delta-asda-b3-e,1616,VE|SOD|TR,1,0,-7095,0,0,0.0,-1,-0.002391,299,49,4270,2391,6000,,0,,,,holding,normal,0,no_load,none,"A1: Servo ON, shaft stationary",servo-app/lab-0.1
1781157394.5413022,92.0971577167511,A1_HOLDING_SERVO_ON,A1_HOLDING_SERVO_ON_R03_20260611_125501,delta-asda-b3-e,1616,VE|SOD|TR,1,0,-7101,0,-1,-0.00427,0,0.0,298,49,4270,2391,6000,,0,,,,holding,normal,0,no_load,none,"A1: Servo ON, shaft stationary",servo-app/lab-0.1
1781157394.6414123,92.19726777076721,A1_HOLDING_SERVO_ON,A1_HOLDING_SERVO_ON_R03_20260611_125501,delta-asda-b3-e,1616,VE|SOD|TR,1,0,-7097,0,-1,-0.00427,-1,-0.002391,298,49,4270,2391,6000,,0,,,,holding,normal,0,no_load,none,"A1: Servo ON, shaft stationary",servo-app/lab-0.1
1781157394.741806,92.29766154289246,A1_HOLDING_SERVO_ON,A1_HOLDING_SERVO_ON_R03_20260611_125501,delta-asda-b3-e,1616,VE|SOD|TR,1,0,-7101,0,0,0.0,0,0.0,299,49,4270,2391,6000,,0,,,,holding,normal,0,no_load,none,"A1: Servo ON, shaft stationary",servo-app/lab-0.1
1781157394.8420951,92.39795064926147,A1_HOLDING_SERVO_ON,A1_HOLDING_SERVO_ON_R03_20260611_125501,delta-asda-b3-e,1616,VE|SOD|TR,1,0,-7101,0,0,0.0,0,0.0,299,49,4270,2391,6000,,0,,,,holding,normal,0,no_load,none,"A1: Servo ON, shaft stationary",servo-app/lab-0.1
1781157394.9423575,92.49821305274963,A1_HOLDING_SERVO_ON,A1_HOLDING_SERVO_ON_R03_20260611_125501,delta-asda-b3-e,1616,VE|SOD|TR,1,0,-7101,0,0,0.0,-1,-0.002391,299,49,4270,2391,6000,,0,,,,holding,normal,0,no_load,none,"A1: Servo ON, shaft stationary",servo-app/lab-0.1
1781157395.042892,92.59874749183655,A1_HOLDING_SERVO_ON,A1_HOLDING_SERVO_ON_R03_20260611_125501,delta-asda-b3-e,1616,VE|SOD|TR,1,0,-7101,0,0,0.0,-1,-0.002391,298,49,4270,2391,6000,,0,,,,holding,normal,0,no_load,none,"A1: Servo ON, shaft stationary",servo-app/lab-0.1
1781157395.1432073,92.69906282424927,A1_HOLDING_SERVO_ON,A1_HOLDING_SERVO_ON_R03_20260611_125501,delta-asda-b3-e,1616,VE|SOD|TR,1,0,-7101,0,-1,-0.00427,-1,-0.002391,298,49,4270,2391,6000,,0,,,,holding,normal,0,no_load,none,"A1: Servo ON, shaft stationary",servo-app/lab-0.1
1781157395.2436984,92.79955387115479,A1_HOLDING_SERVO_ON,A1_HOLDING_SERVO_ON_R03_20260611_125501,delta-asda-b3-e,1616,VE|SOD|TR,1,0,-7101,0,-1,-0.00427,0,0.0,298,49,4270,2391,6000,,0,,,,holding,normal,0,no_load,none,"A1: Servo ON, shaft stationary",servo-app/lab-0.1
1781157395.3439655,92.89982104301453,A1_HOLDING_SERVO_ON,A1_HOLDING_SERVO_ON_R03_20260611_125501,delta-asda-b3-e,1616,VE|SOD|TR,1,0,-7101,0,-1,-0.00427,0,0.0,298,49,4270,2391,6000,,0,,,,holding,normal,0,no_load,none,"A1: Servo ON, shaft stationary",servo-app/lab-0.1
1781157395.4442682,93.00012373924255,A1_HOLDING_SERVO_ON,A1_HOLDING_SERVO_ON_R03_20260611_125501,delta-asda-b3-e,1616,VE|SOD|TR,1,0,-7101,0,0,0.0,0,0.0,298,49,4270,2391,6000,,0,,,,holding,normal,0,no_load,none,"A1: Servo ON, shaft stationary",servo-app/lab-0.1
1781157395.5448391,93.10069465637207,A1_HOLDING_SERVO_ON,A1_HOLDING_SERVO_ON_R03_20260611_125501,delta-asda-b3-e,1616,VE|SOD|TR,1,0,-7101,0,-1,-0.00427,0,0.0,298,49,4270,2391,6000,,0,,,,holding,normal,0,no_load,none,"A1: Servo ON, shaft stationary",servo-app/lab-0.1
1781157395.6450396,93.20089507102966,A1_HOLDING_SERVO_ON,A1_HOLDING_SERVO_ON_R03_20260611_125501,delta-asda-b3-e,1616,VE|SOD|TR,1,0,-7101,0,-1,-0.00427,0,0.0,298,49,4270,2391,6000,,0,,,,holding,normal,0,no_load,none,"A1: Servo ON, shaft stationary",servo-app/lab-0.1
1781157395.745321,93.30117654800415,A1_HOLDING_SERVO_ON,A1_HOLDING_SERVO_ON_R03_20260611_125501,delta-asda-b3-e,1616,VE|SOD|TR,1,0,-7097,0,-1,-0.00427,0,0.0,299,49,4270,2391,6000,,0,,,,holding,normal,0,no_load,none,"A1: Servo ON, shaft stationary",servo-app/lab-0.1
1781157395.845866,93.40172147750854,A1_HOLDING_SERVO_ON,A1_HOLDING_SERVO_ON_R03_20260611_125501,delta-asda-b3-e,1616,VE|SOD|TR,1,0,-7101,0,0,0.0,0,0.0,298,49,4270,2391,6000,,0,,,,holding,normal,0,no_load,none,"A1: Servo ON, shaft stationary",servo-app/lab-0.1
1781157395.9460557,93.50191116333008,A1_HOLDING_SERVO_ON,A1_HOLDING_SERVO_ON_R03_20260611_125501,delta-asda-b3-e,1616,VE|SOD|TR,1,0,-7101,0,0,0.0,0,0.0,298,49,4270,2391,6000,,0,,,,holding,normal,0,no_load,none,"A1: Servo ON, shaft stationary",servo-app/lab-0.1
1781157396.046394,93.60224962234497,A1_HOLDING_SERVO_ON,A1_HOLDING_SERVO_ON_R03_20260611_125501,delta-asda-b3-e,1616,VE|SOD|TR,1,0,-7095,0,0,0.0,0,0.0,298,49,4270,2391,6000,,0,,,,holding,normal,0,no_load,none,"A1: Servo ON, shaft stationary",servo-app/lab-0.1
1781157396.1469731,93.70282864570618,A1_HOLDING_SERVO_ON,A1_HOLDING_SERVO_ON_R03_20260611_125501,delta-asda-b3-e,1616,VE|SOD|TR,1,0,-7101,0,-1,-0.00427,0,0.0,298,49,4270,2391,6000,,0,,,,holding,normal,0,no_load,none,"A1: Servo ON, shaft stationary",servo-app/lab-0.1
1781157396.2473497,93.80320525169373,A1_HOLDING_SERVO_ON,A1_HOLDING_SERVO_ON_R03_20260611_125501,delta-asda-b3-e,1616,VE|SOD|TR,1,0,-7101,0,0,0.0,-1,-0.002391,298,49,4270,2391,6000,,0,,,,holding,normal,0,no_load,none,"A1: Servo ON, shaft stationary",servo-app/lab-0.1
1781157396.3475606,93.9034161567688,A1_HOLDING_SERVO_ON,A1_HOLDING_SERVO_ON_R03_20260611_125501,delta-asda-b3-e,1616,VE|SOD|TR,1,0,-7101,0,0,0.0,0,0.0,298,49,4270,2391,6000,,0,,,,holding,normal,0,no_load,none,"A1: Servo ON, shaft stationary",servo-app/lab-0.1
1781157396.4478416,94.00369715690613,A1_HOLDING_SERVO_ON,A1_HOLDING_SERVO_ON_R03_20260611_125501,delta-asda-b3-e,1616,VE|SOD|TR,1,0,-7097,0,-1,-0.00427,-1,-0.002391,298,49,4270,2391,6000,,0,,,,holding,normal,0,no_load,none,"A1: Servo ON, shaft stationary",servo-app/lab-0.1
1781157396.5478826,94.1037380695343,A1_HOLDING_SERVO_ON,A1_HOLDING_SERVO_ON_R03_20260611_125501,delta-asda-b3-e,1616,VE|SOD|TR,1,0,-7101,0,-1,-0.00427,0,0.0,298,49,4270,2391,6000,,0,,,,holding,normal,0,no_load,none,"A1: Servo ON, shaft stationary",servo-app/lab-0.1
1781157396.648138,94.20399355888367,A1_HOLDING_SERVO_ON,A1_HOLDING_SERVO_ON_R03_20260611_125501,delta-asda-b3-e,1616,VE|SOD|TR,1,0,-7101,0,0,0.0,0,0.0,298,49,4270,2391,6000,,0,,,,holding,normal,0,no_load,none,"A1: Servo ON, shaft stationary",servo-app/lab-0.1
1781157396.748474,94.30432939529419,A1_HOLDING_SERVO_ON,A1_HOLDING_SERVO_ON_R03_20260611_125501,delta-asda-b3-e,1616,VE|SOD|TR,1,0,-7101,0,0,0.0,-1,-0.002391,299,49,4270,2391,6000,,0,,,,holding,normal,0,no_load,none,"A1: Servo ON, shaft stationary",servo-app/lab-0.1
1781157396.8487146,94.40457010269165,A1_HOLDING_SERVO_ON,A1_HOLDING_SERVO_ON_R03_20260611_125501,delta-asda-b3-e,1616,VE|SOD|TR,1,0,-7091,0,0,0.0,0,0.0,299,49,4270,2391,6000,,0,,,,holding,normal,0,no_load,none,"A1: Servo ON, shaft stationary",servo-app/lab-0.1
1781157396.9487998,94.50465536117554,A1_HOLDING_SERVO_ON,A1_HOLDING_SERVO_ON_R03_20260611_125501,delta-asda-b3-e,1616,VE|SOD|TR,1,0,-7101,0,-1,-0.00427,0,0.0,298,49,4270,2391,6000,,0,,,,holding,normal,0,no_load,none,"A1: Servo ON, shaft stationary",servo-app/lab-0.1
1781157397.0492744,94.6051299571991,A1_HOLDING_SERVO_ON,A1_HOLDING_SERVO_ON_R03_20260611_125501,delta-asda-b3-e,1616,VE|SOD|TR,1,0,-7101,0,0,0.0,-1,-0.002391,298,49,4270,2391,6000,,0,,,,holding,normal,0,no_load,none,"A1: Servo ON, shaft stationary",servo-app/lab-0.1
1781157397.149649,94.70550441741943,A1_HOLDING_SERVO_ON,A1_HOLDING_SERVO_ON_R03_20260611_125501,delta-asda-b3-e,1616,VE|SOD|TR,1,0,-7101,0,-1,-0.00427,-1,-0.002391,298,49,4270,2391,6000,,0,,,,holding,normal,0,no_load,none,"A1: Servo ON, shaft stationary",servo-app/lab-0.1
1781157397.2501464,94.80600190162659,A1_HOLDING_SERVO_ON,A1_HOLDING_SERVO_ON_R03_20260611_125501,delta-asda-b3-e,1616,VE|SOD|TR,1,0,-7101,0,-1,-0.00427,0,0.0,298,49,4270,2391,6000,,0,,,,holding,normal,0,no_load,none,"A1: Servo ON, shaft stationary",servo-app/lab-0.1
1781157397.3504076,94.90626311302185,A1_HOLDING_SERVO_ON,A1_HOLDING_SERVO_ON_R03_20260611_125501,delta-asda-b3-e,1616,VE|SOD|TR,1,0,-7097,0,-1,-0.00427,0,0.0,298,49,4270,2391,6000,,0,,,,holding,normal,0,no_load,none,"A1: Servo ON, shaft stationary",servo-app/lab-0.1
1781157397.4508111,95.00666666030884,A1_HOLDING_SERVO_ON,A1_HOLDING_SERVO_ON_R03_20260611_125501,delta-asda-b3-e,1616,VE|SOD|TR,1,0,-7101,0,0,0.0,0,0.0,299,49,4270,2391,6000,,0,,,,holding,normal,0,no_load,none,"A1: Servo ON, shaft stationary",servo-app/lab-0.1
1781157397.5509357,95.10679125785828,A1_HOLDING_SERVO_ON,A1_HOLDING_SERVO_ON_R03_20260611_125501,delta-asda-b3-e,1616,VE|SOD|TR,1,0,-7091,0,0,0.0,-1,-0.002391,298,49,4270,2391,6000,,0,,,,holding,normal,0,no_load,none,"A1: Servo ON, shaft stationary",servo-app/lab-0.1
1781157397.6513388,95.2071943283081,A1_HOLDING_SERVO_ON,A1_HOLDING_SERVO_ON_R03_20260611_125501,delta-asda-b3-e,1616,VE|SOD|TR,1,0,-7101,0,0,0.0,-1,-0.002391,298,49,4270,2391,6000,,0,,,,holding,normal,0,no_load,none,"A1: Servo ON, shaft stationary",servo-app/lab-0.1
1781157397.751391,95.3072464466095,A1_HOLDING_SERVO_ON,A1_HOLDING_SERVO_ON_R03_20260611_125501,delta-asda-b3-e,1616,VE|SOD|TR,1,0,-7101,0,-1,-0.00427,0,0.0,299,49,4270,2391,6000,,0,,,,holding,normal,0,no_load,none,"A1: Servo ON, shaft stationary",servo-app/lab-0.1
1781157397.851459,95.40731453895569,A1_HOLDING_SERVO_ON,A1_HOLDING_SERVO_ON_R03_20260611_125501,delta-asda-b3-e,1616,VE|SOD|TR,1,0,-7095,0,-1,-0.00427,-1,-0.002391,298,49,4270,2391,6000,,0,,,,holding,normal,0,no_load,none,"A1: Servo ON, shaft stationary",servo-app/lab-0.1
1781157397.9519446,95.50780010223389,A1_HOLDING_SERVO_ON,A1_HOLDING_SERVO_ON_R03_20260611_125501,delta-asda-b3-e,1616,VE|SOD|TR,1,0,-7101,0,0,0.0,0,0.0,299,49,4270,2391,6000,,0,,,,holding,normal,0,no_load,none,"A1: Servo ON, shaft stationary",servo-app/lab-0.1
1781157398.0524867,95.60834217071533,A1_HOLDING_SERVO_ON,A1_HOLDING_SERVO_ON_R03_20260611_125501,delta-asda-b3-e,1616,VE|SOD|TR,1,0,-7101,0,-1,-0.00427,-1,-0.002391,299,49,4270,2391,6000,,0,,,,holding,normal,0,no_load,none,"A1: Servo ON, shaft stationary",servo-app/lab-0.1
1781157398.152747,95.70860242843628,A1_HOLDING_SERVO_ON,A1_HOLDING_SERVO_ON_R03_20260611_125501,delta-asda-b3-e,1616,VE|SOD|TR,1,0,-7101,0,0,0.0,-1,-0.002391,298,49,4270,2391,6000,,0,,,,holding,normal,0,no_load,none,"A1: Servo ON, shaft stationary",servo-app/lab-0.1
1781157398.2529044,95.80875992774963,A1_HOLDING_SERVO_ON,A1_HOLDING_SERVO_ON_R03_20260611_125501,delta-asda-b3-e,1616,VE|SOD|TR,1,0,-7101,0,0,0.0,-1,-0.002391,298,49,4270,2391,6000,,0,,,,holding,normal,0,no_load,none,"A1: Servo ON, shaft stationary",servo-app/lab-0.1
1781157398.353258,95.90911340713501,A1_HOLDING_SERVO_ON,A1_HOLDING_SERVO_ON_R03_20260611_125501,delta-asda-b3-e,1616,VE|SOD|TR,1,0,-7087,0,-1,-0.00427,0,0.0,299,49,4270,2391,6000,,0,,,,holding,normal,0,no_load,none,"A1: Servo ON, shaft stationary",servo-app/lab-0.1
1781157398.453999,96.00985455513,A1_HOLDING_SERVO_ON,A1_HOLDING_SERVO_ON_R03_20260611_125501,delta-asda-b3-e,1616,VE|SOD|TR,1,0,-7101,0,-1,-0.00427,0,0.0,298,49,4270,2391,6000,,0,,,,holding,normal,0,no_load,none,"A1: Servo ON, shaft stationary",servo-app/lab-0.1
1781157398.5542164,96.11007189750671,A1_HOLDING_SERVO_ON,A1_HOLDING_SERVO_ON_R03_20260611_125501,delta-asda-b3-e,1616,VE|SOD|TR,1,0,-7091,0,0,0.0,-1,-0.002391,299,49,4270,2391,6000,,0,,,,holding,normal,0,no_load,none,"A1: Servo ON, shaft stationary",servo-app/lab-0.1
1781157398.6590269,96.21488237380981,A1_HOLDING_SERVO_ON,A1_HOLDING_SERVO_ON_R03_20260611_125501,delta-asda-b3-e,1616,VE|SOD|TR,1,0,-7101,0,0,0.0,-1,-0.002391,299,49,4270,2391,6000,,0,,,,holding,normal,0,no_load,none,"A1: Servo ON, shaft stationary",servo-app/lab-0.1
1781157398.7594633,96.31531882286072,A1_HOLDING_SERVO_ON,A1_HOLDING_SERVO_ON_R03_20260611_125501,delta-asda-b3-e,1616,VE|SOD|TR,1,0,-7097,0,-1,-0.00427,0,0.0,299,49,4270,2391,6000,,0,,,,holding,normal,0,no_load,none,"A1: Servo ON, shaft stationary",servo-app/lab-0.1
1781157398.85989,96.41574549674988,A1_HOLDING_SERVO_ON,A1_HOLDING_SERVO_ON_R03_20260611_125501,delta-asda-b3-e,1616,VE|SOD|TR,1,0,-7097,0,0,0.0,-1,-0.002391,299,49,4270,2391,6000,,0,,,,holding,normal,0,no_load,none,"A1: Servo ON, shaft stationary",servo-app/lab-0.1
1781157398.9603815,96.51623702049255,A1_HOLDING_SERVO_ON,A1_HOLDING_SERVO_ON_R03_20260611_125501,delta-asda-b3-e,1616,VE|SOD|TR,1,0,-7101,0,0,0.0,0,0.0,299,49,4270,2391,6000,,0,,,,holding,normal,0,no_load,none,"A1: Servo ON, shaft stationary",servo-app/lab-0.1
1781157399.0604687,96.61632418632507,A1_HOLDING_SERVO_ON,A1_HOLDING_SERVO_ON_R03_20260611_125501,delta-asda-b3-e,1616,VE|SOD|TR,1,0,-7101,0,-1,-0.00427,0,0.0,299,49,4270,2391,6000,,0,,,,holding,normal,0,no_load,none,"A1: Servo ON, shaft stationary",servo-app/lab-0.1
1781157399.160985,96.71684050559998,A1_HOLDING_SERVO_ON,A1_HOLDING_SERVO_ON_R03_20260611_125501,delta-asda-b3-e,1616,VE|SOD|TR,1,0,-7101,0,-1,-0.00427,0,0.0,299,49,4270,2391,6000,,0,,,,holding,normal,0,no_load,none,"A1: Servo ON, shaft stationary",servo-app/lab-0.1
1781157399.2614026,96.81725811958313,A1_HOLDING_SERVO_ON,A1_HOLDING_SERVO_ON_R03_20260611_125501,delta-asda-b3-e,1616,VE|SOD|TR,1,0,-7101,0,-1,-0.00427,-1,-0.002391,299,49,4270,2391,6000,,0,,,,holding,normal,0,no_load,none,"A1: Servo ON, shaft stationary",servo-app/lab-0.1
1781157399.3614595,96.9173150062561,A1_HOLDING_SERVO_ON,A1_HOLDING_SERVO_ON_R03_20260611_125501,delta-asda-b3-e,1616,VE|SOD|TR,1,0,-7101,0,0,0.0,0,0.0,299,49,4270,2391,6000,,0,,,,holding,normal,0,no_load,none,"A1: Servo ON, shaft stationary",servo-app/lab-0.1
1781157399.461615,97.01747059822083,A1_HOLDING_SERVO_ON,A1_HOLDING_SERVO_ON_R03_20260611_125501,delta-asda-b3-e,1616,VE|SOD|TR,1,0,-7101,0,0,0.0,-1,-0.002391,299,49,4270,2391,6000,,0,,,,holding,normal,0,no_load,none,"A1: Servo ON, shaft stationary",servo-app/lab-0.1
1781157399.562105,97.11796045303345,A1_HOLDING_SERVO_ON,A1_HOLDING_SERVO_ON_R03_20260611_125501,delta-asda-b3-e,1616,VE|SOD|TR,1,0,-7091,0,0,0.0,-1,-0.002391,299,49,4270,2391,6000,,0,,,,holding,normal,0,no_load,none,"A1: Servo ON, shaft stationary",servo-app/lab-0.1
1781157399.6622367,97.21809220314026,A1_HOLDING_SERVO_ON,A1_HOLDING_SERVO_ON_R03_20260611_125501,delta-asda-b3-e,1616,VE|SOD|TR,1,0,-7095,0,0,0.0,0,0.0,299,49,4270,2391,6000,,0,,,,holding,normal,0,no_load,none,"A1: Servo ON, shaft stationary",servo-app/lab-0.1
1781157399.7627213,97.31857681274414,A1_HOLDING_SERVO_ON,A1_HOLDING_SERVO_ON_R03_20260611_125501,delta-asda-b3-e,1616,VE|SOD|TR,1,0,-7097,0,-1,-0.00427,-1,-0.002391,299,49,4270,2391,6000,,0,,,,holding,normal,0,no_load,none,"A1: Servo ON, shaft stationary",servo-app/lab-0.1
1781157399.8631377,97.4189932346344,A1_HOLDING_SERVO_ON,A1_HOLDING_SERVO_ON_R03_20260611_125501,delta-asda-b3-e,1616,VE|SOD|TR,1,0,-7101,0,-1,-0.00427,0,0.0,299,49,4270,2391,6000,,0,,,,holding,normal,0,no_load,none,"A1: Servo ON, shaft stationary",servo-app/lab-0.1
1781157399.9638135,97.51966905593872,A1_HOLDING_SERVO_ON,A1_HOLDING_SERVO_ON_R03_20260611_125501,delta-asda-b3-e,1616,VE|SOD|TR,1,0,-7101,0,0,0.0,0,0.0,299,49,4270,2391,6000,,0,,,,holding,normal,0,no_load,none,"A1: Servo ON, shaft stationary",servo-app/lab-0.1
1781157400.0641067,97.61996221542358,A1_HOLDING_SERVO_ON,A1_HOLDING_SERVO_ON_R03_20260611_125501,delta-asda-b3-e,1616,VE|SOD|TR,1,0,-7101,0,0,0.0,0,0.0,299,49,4270,2391,6000,,0,,,,holding,normal,0,no_load,none,"A1: Servo ON, shaft stationary",servo-app/lab-0.1
1781157400.1654234,97.72127890586853,A1_HOLDING_SERVO_ON,A1_HOLDING_SERVO_ON_R03_20260611_125501,delta-asda-b3-e,1616,VE|SOD|TR,1,0,-7101,0,-1,-0.00427,0,0.0,299,49,4270,2391,6000,,0,,,,holding,normal,0,no_load,none,"A1: Servo ON, shaft stationary",servo-app/lab-0.1
1781157400.2657025,97.82155799865723,A1_HOLDING_SERVO_ON,A1_HOLDING_SERVO_ON_R03_20260611_125501,delta-asda-b3-e,1616,VE|SOD|TR,1,0,-7101,0,-1,-0.00427,-1,-0.002391,299,49,4270,2391,6000,,0,,,,holding,normal,0,no_load,none,"A1: Servo ON, shaft stationary",servo-app/lab-0.1
1781157400.3657582,97.9216136932373,A1_HOLDING_SERVO_ON,A1_HOLDING_SERVO_ON_R03_20260611_125501,delta-asda-b3-e,1616,VE|SOD|TR,1,0,-7101,0,0,0.0,0,0.0,299,49,4270,2391,6000,,0,,,,holding,normal,0,no_load,none,"A1: Servo ON, shaft stationary",servo-app/lab-0.1
1781157400.4659998,98.02185535430908,A1_HOLDING_SERVO_ON,A1_HOLDING_SERVO_ON_R03_20260611_125501,delta-asda-b3-e,1616,VE|SOD|TR,1,0,-7101,0,0,0.0,0,0.0,298,49,4270,2391,6000,,0,,,,holding,normal,0,no_load,none,"A1: Servo ON, shaft stationary",servo-app/lab-0.1
1781157400.5667105,98.12256598472595,A1_HOLDING_SERVO_ON,A1_HOLDING_SERVO_ON_R03_20260611_125501,delta-asda-b3-e,1616,VE|SOD|TR,1,0,-7101,0,-1,-0.00427,-1,-0.002391,299,49,4270,2391,6000,,0,,,,holding,normal,0,no_load,none,"A1: Servo ON, shaft stationary",servo-app/lab-0.1
1781157400.6669116,98.22276711463928,A1_HOLDING_SERVO_ON,A1_HOLDING_SERVO_ON_R03_20260611_125501,delta-asda-b3-e,1616,VE|SOD|TR,1,0,-7101,0,-1,-0.00427,-1,-0.002391,299,49,4270,2391,6000,,0,,,,holding,normal,0,no_load,none,"A1: Servo ON, shaft stationary",servo-app/lab-0.1
1781157400.7674727,98.32332825660706,A1_HOLDING_SERVO_ON,A1_HOLDING_SERVO_ON_R03_20260611_125501,delta-asda-b3-e,1616,VE|SOD|TR,1,0,-7101,0,-1,-0.00427,0,0.0,299,49,4270,2391,6000,,0,,,,holding,normal,0,no_load,none,"A1: Servo ON, shaft stationary",servo-app/lab-0.1
1781157400.867847,98.42370247840881,A1_HOLDING_SERVO_ON,A1_HOLDING_SERVO_ON_R03_20260611_125501,delta-asda-b3-e,1616,VE|SOD|TR,1,0,-7101,0,-1,-0.00427,0,0.0,299,49,4270,2391,6000,,0,,,,holding,normal,0,no_load,none,"A1: Servo ON, shaft stationary",servo-app/lab-0.1
1781157400.9683466,98.52420210838318,A1_HOLDING_SERVO_ON,A1_HOLDING_SERVO_ON_R03_20260611_125501,delta-asda-b3-e,1616,VE|SOD|TR,1,0,-7097,0,-1,-0.00427,0,0.0,298,49,4270,2391,6000,,0,,,,holding,normal,0,no_load,none,"A1: Servo ON, shaft stationary",servo-app/lab-0.1
1781157401.0689375,98.62479305267334,A1_HOLDING_SERVO_ON,A1_HOLDING_SERVO_ON_R03_20260611_125501,delta-asda-b3-e,1616,VE|SOD|TR,1,0,-7101,0,0,0.0,0,0.0,299,49,4270,2391,6000,,0,,,,holding,normal,0,no_load,none,"A1: Servo ON, shaft stationary",servo-app/lab-0.1
1781157401.1692424,98.72509789466858,A1_HOLDING_SERVO_ON,A1_HOLDING_SERVO_ON_R03_20260611_125501,delta-asda-b3-e,1616,VE|SOD|TR,1,0,-7101,0,0,0.0,0,0.0,298,49,4270,2391,6000,,0,,,,holding,normal,0,no_load,none,"A1: Servo ON, shaft stationary",servo-app/lab-0.1
1781157401.2692957,98.82515120506287,A1_HOLDING_SERVO_ON,A1_HOLDING_SERVO_ON_R03_20260611_125501,delta-asda-b3-e,1616,VE|SOD|TR,1,0,-7101,0,-1,-0.00427,0,0.0,298,49,4270,2391,6000,,0,,,,holding,normal,0,no_load,none,"A1: Servo ON, shaft stationary",servo-app/lab-0.1
1781157401.3695529,98.92540836334229,A1_HOLDING_SERVO_ON,A1_HOLDING_SERVO_ON_R03_20260611_125501,delta-asda-b3-e,1616,VE|SOD|TR,1,0,-7097,0,0,0.0,0,0.0,298,49,4270,2391,6000,,0,,,,holding,normal,0,no_load,none,"A1: Servo ON, shaft stationary",servo-app/lab-0.1
1781157401.469869,99.02572441101074,A1_HOLDING_SERVO_ON,A1_HOLDING_SERVO_ON_R03_20260611_125501,delta-asda-b3-e,1616,VE|SOD|TR,1,0,-7101,0,-1,-0.00427,0,0.0,299,49,4270,2391,6000,,0,,,,holding,normal,0,no_load,none,"A1: Servo ON, shaft stationary",servo-app/lab-0.1
1781157401.5701013,99.12595677375793,A1_HOLDING_SERVO_ON,A1_HOLDING_SERVO_ON_R03_20260611_125501,delta-asda-b3-e,1616,VE|SOD|TR,1,0,-7097,0,0,0.0,0,0.0,299,49,4270,2391,6000,,0,,,,holding,normal,0,no_load,none,"A1: Servo ON, shaft stationary",servo-app/lab-0.1
1781157401.670162,99.22601747512817,A1_HOLDING_SERVO_ON,A1_HOLDING_SERVO_ON_R03_20260611_125501,delta-asda-b3-e,1616,VE|SOD|TR,1,0,-7097,0,-1,-0.00427,0,0.0,298,49,4270,2391,6000,,0,,,,holding,normal,0,no_load,none,"A1: Servo ON, shaft stationary",servo-app/lab-0.1
1781157401.7706645,99.32651996612549,A1_HOLDING_SERVO_ON,A1_HOLDING_SERVO_ON_R03_20260611_125501,delta-asda-b3-e,1616,VE|SOD|TR,1,0,-7101,0,0,0.0,0,0.0,299,49,4270,2391,6000,,0,,,,holding,normal,0,no_load,none,"A1: Servo ON, shaft stationary",servo-app/lab-0.1
1781157401.871177,99.42703247070312,A1_HOLDING_SERVO_ON,A1_HOLDING_SERVO_ON_R03_20260611_125501,delta-asda-b3-e,1616,VE|SOD|TR,1,0,-7101,0,0,0.0,0,0.0,298,49,4270,2391,6000,,0,,,,holding,normal,0,no_load,none,"A1: Servo ON, shaft stationary",servo-app/lab-0.1
1781157401.9714608,99.5273163318634,A1_HOLDING_SERVO_ON,A1_HOLDING_SERVO_ON_R03_20260611_125501,delta-asda-b3-e,1616,VE|SOD|TR,1,0,-7101,0,0,0.0,0,0.0,298,49,4270,2391,6000,,0,,,,holding,normal,0,no_load,none,"A1: Servo ON, shaft stationary",servo-app/lab-0.1
1781157402.0720975,99.62795305252075,A1_HOLDING_SERVO_ON,A1_HOLDING_SERVO_ON_R03_20260611_125501,delta-asda-b3-e,1616,VE|SOD|TR,1,0,-7101,0,0,0.0,0,0.0,298,49,4270,2391,6000,,0,,,,holding,normal,0,no_load,none,"A1: Servo ON, shaft stationary",servo-app/lab-0.1
1781157402.172484,99.72833943367004,A1_HOLDING_SERVO_ON,A1_HOLDING_SERVO_ON_R03_20260611_125501,delta-asda-b3-e,1616,VE|SOD|TR,1,0,-7101,0,0,0.0,-1,-0.002391,298,49,4270,2391,6000,,0,,,,holding,normal,0,no_load,none,"A1: Servo ON, shaft stationary",servo-app/lab-0.1
1781157402.272883,99.82873845100403,A1_HOLDING_SERVO_ON,A1_HOLDING_SERVO_ON_R03_20260611_125501,delta-asda-b3-e,1616,VE|SOD|TR,1,0,-7101,0,0,0.0,0,0.0,298,49,4270,2391,6000,,0,,,,holding,normal,0,no_load,none,"A1: Servo ON, shaft stationary",servo-app/lab-0.1
1781157402.373127,99.9289824962616,A1_HOLDING_SERVO_ON,A1_HOLDING_SERVO_ON_R03_20260611_125501,delta-asda-b3-e,1616,VE|SOD|TR,1,0,-7101,0,-1,-0.00427,-1,-0.002391,298,49,4270,2391,6000,,0,,,,holding,normal,0,no_load,none,"A1: Servo ON, shaft stationary",servo-app/lab-0.1
1781157402.473971,100.02982640266418,A1_HOLDING_SERVO_ON,A1_HOLDING_SERVO_ON_R03_20260611_125501,delta-asda-b3-e,1616,VE|SOD|TR,1,0,-7101,0,-1,-0.00427,0,0.0,298,49,4270,2391,6000,,0,,,,holding,normal,0,no_load,none,"A1: Servo ON, shaft stationary",servo-app/lab-0.1
1781157402.5744057,100.13026118278503,A1_HOLDING_SERVO_ON,A1_HOLDING_SERVO_ON_R03_20260611_125501,delta-asda-b3-e,1616,VE|SOD|TR,1,0,-7101,0,-1,-0.00427,-1,-0.002391,298,49,4270,2391,6000,,0,,,,holding,normal,0,no_load,none,"A1: Servo ON, shaft stationary",servo-app/lab-0.1
1781157402.6749094,100.23076486587524,A1_HOLDING_SERVO_ON,A1_HOLDING_SERVO_ON_R03_20260611_125501,delta-asda-b3-e,1616,VE|SOD|TR,1,0,-7101,0,0,0.0,0,0.0,298,49,4270,2391,6000,,0,,,,holding,normal,0,no_load,none,"A1: Servo ON, shaft stationary",servo-app/lab-0.1
1781157402.7754023,100.3312578201294,A1_HOLDING_SERVO_ON,A1_HOLDING_SERVO_ON_R03_20260611_125501,delta-asda-b3-e,1616,VE|SOD|TR,1,0,-7101,0,-1,-0.00427,0,0.0,299,49,4270,2391,6000,,0,,,,holding,normal,0,no_load,none,"A1: Servo ON, shaft stationary",servo-app/lab-0.1
1781157402.875536,100.43139147758484,A1_HOLDING_SERVO_ON,A1_HOLDING_SERVO_ON_R03_20260611_125501,delta-asda-b3-e,1616,VE|SOD|TR,1,0,-7101,0,-1,-0.00427,-1,-0.002391,298,49,4270,2391,6000,,0,,,,holding,normal,0,no_load,none,"A1: Servo ON, shaft stationary",servo-app/lab-0.1
1781157402.9758523,100.53170776367188,A1_HOLDING_SERVO_ON,A1_HOLDING_SERVO_ON_R03_20260611_125501,delta-asda-b3-e,1616,VE|SOD|TR,1,0,-7101,0,-1,-0.00427,0,0.0,298,49,4270,2391,6000,,0,,,,holding,normal,0,no_load,none,"A1: Servo ON, shaft stationary",servo-app/lab-0.1
1781157403.076303,100.63215851783752,A1_HOLDING_SERVO_ON,A1_HOLDING_SERVO_ON_R03_20260611_125501,delta-asda-b3-e,1616,VE|SOD|TR,1,0,-7101,0,-1,-0.00427,0,0.0,298,49,4270,2391,6000,,0,,,,holding,normal,0,no_load,none,"A1: Servo ON, shaft stationary",servo-app/lab-0.1
1781157403.1766038,100.73245930671692,A1_HOLDING_SERVO_ON,A1_HOLDING_SERVO_ON_R03_20260611_125501,delta-asda-b3-e,1616,VE|SOD|TR,1,0,-7107,0,0,0.0,0,0.0,299,49,4270,2391,6000,,0,,,,holding,normal,0,no_load,none,"A1: Servo ON, shaft stationary",servo-app/lab-0.1
1781157403.2769477,100.83280324935913,A1_HOLDING_SERVO_ON,A1_HOLDING_SERVO_ON_R03_20260611_125501,delta-asda-b3-e,1616,VE|SOD|TR,1,0,-7101,0,0,0.0,0,0.0,298,49,4270,2391,6000,,0,,,,holding,normal,0,no_load,none,"A1: Servo ON, shaft stationary",servo-app/lab-0.1
1781157403.3772357,100.93309116363525,A1_HOLDING_SERVO_ON,A1_HOLDING_SERVO_ON_R03_20260611_125501,delta-asda-b3-e,1616,VE|SOD|TR,1,0,-7101,0,0,0.0,-1,-0.002391,298,49,4270,2391,6000,,0,,,,holding,normal,0,no_load,none,"A1: Servo ON, shaft stationary",servo-app/lab-0.1
1781157403.4777567,101.03361225128174,A1_HOLDING_SERVO_ON,A1_HOLDING_SERVO_ON_R03_20260611_125501,delta-asda-b3-e,1616,VE|SOD|TR,1,0,-7101,0,-1,-0.00427,0,0.0,298,49,4270,2391,6000,,0,,,,holding,normal,0,no_load,none,"A1: Servo ON, shaft stationary",servo-app/lab-0.1
1781157403.577848,101.1337034702301,A1_HOLDING_SERVO_ON,A1_HOLDING_SERVO_ON_R03_20260611_125501,delta-asda-b3-e,1616,VE|SOD|TR,1,0,-7101,0,0,0.0,-1,-0.002391,298,49,4270,2391,6000,,0,,,,holding,normal,0,no_load,none,"A1: Servo ON, shaft stationary",servo-app/lab-0.1
1781157403.6781554,101.23401093482971,A1_HOLDING_SERVO_ON,A1_HOLDING_SERVO_ON_R03_20260611_125501,delta-asda-b3-e,1616,VE|SOD|TR,1,0,-7101,0,-1,-0.00427,-1,-0.002391,299,49,4270,2391,6000,,0,,,,holding,normal,0,no_load,none,"A1: Servo ON, shaft stationary",servo-app/lab-0.1
1781157403.778582,101.33443760871887,A1_HOLDING_SERVO_ON,A1_HOLDING_SERVO_ON_R03_20260611_125501,delta-asda-b3-e,1616,VE|SOD|TR,1,0,-7101,0,-1,-0.00427,-1,-0.002391,299,49,4270,2391,6000,,0,,,,holding,normal,0,no_load,none,"A1: Servo ON, shaft stationary",servo-app/lab-0.1
1781157403.8789961,101.43485164642334,A1_HOLDING_SERVO_ON,A1_HOLDING_SERVO_ON_R03_20260611_125501,delta-asda-b3-e,1616,VE|SOD|TR,1,0,-7101,0,-1,-0.00427,0,0.0,298,49,4270,2391,6000,,0,,,,holding,normal,0,no_load,none,"A1: Servo ON, shaft stationary",servo-app/lab-0.1
1781157403.979474,101.535329580307,A1_HOLDING_SERVO_ON,A1_HOLDING_SERVO_ON_R03_20260611_125501,delta-asda-b3-e,1616,VE|SOD|TR,1,0,-7101,0,-1,-0.00427,0,0.0,298,49,4270,2391,6000,,0,,,,holding,normal,0,no_load,none,"A1: Servo ON, shaft stationary",servo-app/lab-0.1
1781157404.0798223,101.63567781448364,A1_HOLDING_SERVO_ON,A1_HOLDING_SERVO_ON_R03_20260611_125501,delta-asda-b3-e,1616,VE|SOD|TR,1,0,-7101,0,-1,-0.00427,-1,-0.002391,298,49,4270,2391,6000,,0,,,,holding,normal,0,no_load,none,"A1: Servo ON, shaft stationary",servo-app/lab-0.1
1781157404.1800973,101.7359528541565,A1_HOLDING_SERVO_ON,A1_HOLDING_SERVO_ON_R03_20260611_125501,delta-asda-b3-e,1616,VE|SOD|TR,1,0,-7097,0,0,0.0,-1,-0.002391,298,49,4270,2391,6000,,0,,,,holding,normal,0,no_load,none,"A1: Servo ON, shaft stationary",servo-app/lab-0.1
1781157404.2804115,101.83626699447632,A1_HOLDING_SERVO_ON,A1_HOLDING_SERVO_ON_R03_20260611_125501,delta-asda-b3-e,1616,VE|SOD|TR,1,0,-7097,0,-1,-0.00427,-1,-0.002391,299,49,4270,2391,6000,,0,,,,holding,normal,0,no_load,none,"A1: Servo ON, shaft stationary",servo-app/lab-0.1
1781157404.3804672,101.9363226890564,A1_HOLDING_SERVO_ON,A1_HOLDING_SERVO_ON_R03_20260611_125501,delta-asda-b3-e,1616,VE|SOD|TR,1,0,-7095,0,-1,-0.00427,0,0.0,298,49,4270,2391,6000,,0,,,,holding,normal,0,no_load,none,"A1: Servo ON, shaft stationary",servo-app/lab-0.1
1781157404.4809842,102.03683972358704,A1_HOLDING_SERVO_ON,A1_HOLDING_SERVO_ON_R03_20260611_125501,delta-asda-b3-e,1616,VE|SOD|TR,1,0,-7097,0,0,0.0,-1,-0.002391,298,49,4270,2391,6000,,0,,,,holding,normal,0,no_load,none,"A1: Servo ON, shaft stationary",servo-app/lab-0.1
1781157404.5811524,102.13700795173645,A1_HOLDING_SERVO_ON,A1_HOLDING_SERVO_ON_R03_20260611_125501,delta-asda-b3-e,1616,VE|SOD|TR,1,0,-7101,0,0,0.0,0,0.0,298,49,4270,2391,6000,,0,,,,holding,normal,0,no_load,none,"A1: Servo ON, shaft stationary",servo-app/lab-0.1
1781157404.6814268,102.23728227615356,A1_HOLDING_SERVO_ON,A1_HOLDING_SERVO_ON_R03_20260611_125501,delta-asda-b3-e,1616,VE|SOD|TR,1,0,-7097,0,0,0.0,0,0.0,299,49,4270,2391,6000,,0,,,,holding,normal,0,no_load,none,"A1: Servo ON, shaft stationary",servo-app/lab-0.1
1781157404.7815623,102.33741784095764,A1_HOLDING_SERVO_ON,A1_HOLDING_SERVO_ON_R03_20260611_125501,delta-asda-b3-e,1616,VE|SOD|TR,1,0,-7101,0,0,0.0,0,0.0,299,49,4270,2391,6000,,0,,,,holding,normal,0,no_load,none,"A1: Servo ON, shaft stationary",servo-app/lab-0.1
1781157404.8816981,102.4375536441803,A1_HOLDING_SERVO_ON,A1_HOLDING_SERVO_ON_R03_20260611_125501,delta-asda-b3-e,1616,VE|SOD|TR,1,0,-7091,0,0,0.0,-1,-0.002391,299,49,4270,2391,6000,,0,,,,holding,normal,0,no_load,none,"A1: Servo ON, shaft stationary",servo-app/lab-0.1
1781157404.9818513,102.53770685195923,A1_HOLDING_SERVO_ON,A1_HOLDING_SERVO_ON_R03_20260611_125501,delta-asda-b3-e,1616,VE|SOD|TR,1,0,-7101,0,-1,-0.00427,-1,-0.002391,299,49,4270,2391,6000,,0,,,,holding,normal,0,no_load,none,"A1: Servo ON, shaft stationary",servo-app/lab-0.1
1781157405.082127,102.63798260688782,A1_HOLDING_SERVO_ON,A1_HOLDING_SERVO_ON_R03_20260611_125501,delta-asda-b3-e,1616,VE|SOD|TR,1,0,-7101,0,0,0.0,0,0.0,299,49,4270,2391,6000,,0,,,,holding,normal,0,no_load,none,"A1: Servo ON, shaft stationary",servo-app/lab-0.1
1781157405.182223,102.73807859420776,A1_HOLDING_SERVO_ON,A1_HOLDING_SERVO_ON_R03_20260611_125501,delta-asda-b3-e,1616,VE|SOD|TR,1,0,-7101,0,0,0.0,-1,-0.002391,298,49,4270,2391,6000,,0,,,,holding,normal,0,no_load,none,"A1: Servo ON, shaft stationary",servo-app/lab-0.1
1781157405.282637,102.83849239349365,A1_HOLDING_SERVO_ON,A1_HOLDING_SERVO_ON_R03_20260611_125501,delta-asda-b3-e,1616,VE|SOD|TR,1,0,-7101,0,-1,-0.00427,0,0.0,299,49,4270,2391,6000,,0,,,,holding,normal,0,no_load,none,"A1: Servo ON, shaft stationary",servo-app/lab-0.1
1781157405.383139,102.93899440765381,A1_HOLDING_SERVO_ON,A1_HOLDING_SERVO_ON_R03_20260611_125501,delta-asda-b3-e,1616,VE|SOD|TR,1,0,-7101,0,0,0.0,-1,-0.002391,298,49,4270,2391,6000,,0,,,,holding,normal,0,no_load,none,"A1: Servo ON, shaft stationary",servo-app/lab-0.1
1781157405.4834626,103.0393180847168,A1_HOLDING_SERVO_ON,A1_HOLDING_SERVO_ON_R03_20260611_125501,delta-asda-b3-e,1616,VE|SOD|TR,1,0,-7101,0,-1,-0.00427,-1,-0.002391,298,49,4270,2391,6000,,0,,,,holding,normal,0,no_load,none,"A1: Servo ON, shaft stationary",servo-app/lab-0.1
1781157405.5835028,103.13935828208923,A1_HOLDING_SERVO_ON,A1_HOLDING_SERVO_ON_R03_20260611_125501,delta-asda-b3-e,1616,VE|SOD|TR,1,0,-7101,0,-1,-0.00427,0,0.0,299,49,4270,2391,6000,,0,,,,holding,normal,0,no_load,none,"A1: Servo ON, shaft stationary",servo-app/lab-0.1
1781157405.6838574,103.2397129535675,A1_HOLDING_SERVO_ON,A1_HOLDING_SERVO_ON_R03_20260611_125501,delta-asda-b3-e,1616,VE|SOD|TR,1,0,-7101,0,0,0.0,0,0.0,298,49,4270,2391,6000,,0,,,,holding,normal,0,no_load,none,"A1: Servo ON, shaft stationary",servo-app/lab-0.1
1781157405.7846174,103.34047293663025,A1_HOLDING_SERVO_ON,A1_HOLDING_SERVO_ON_R03_20260611_125501,delta-asda-b3-e,1616,VE|SOD|TR,1,0,-7101,0,0,0.0,0,0.0,299,49,4270,2391,6000,,0,,,,holding,normal,0,no_load,none,"A1: Servo ON, shaft stationary",servo-app/lab-0.1
1781157405.8846624,103.44051790237427,A1_HOLDING_SERVO_ON,A1_HOLDING_SERVO_ON_R03_20260611_125501,delta-asda-b3-e,1616,VE|SOD|TR,1,0,-7101,0,-1,-0.00427,0,0.0,299,49,4270,2391,6000,,0,,,,holding,normal,0,no_load,none,"A1: Servo ON, shaft stationary",servo-app/lab-0.1
1781157405.9850574,103.54091286659241,A1_HOLDING_SERVO_ON,A1_HOLDING_SERVO_ON_R03_20260611_125501,delta-asda-b3-e,1616,VE|SOD|TR,1,0,-7101,0,0,0.0,0,0.0,299,49,4270,2391,6000,,0,,,,holding,normal,0,no_load,none,"A1: Servo ON, shaft stationary",servo-app/lab-0.1
1781157406.0855365,103.64139199256897,A1_HOLDING_SERVO_ON,A1_HOLDING_SERVO_ON_R03_20260611_125501,delta-asda-b3-e,1616,VE|SOD|TR,1,0,-7095,0,-1,-0.00427,0,0.0,299,49,4270,2391,6000,,0,,,,holding,normal,0,no_load,none,"A1: Servo ON, shaft stationary",servo-app/lab-0.1
1781157406.1860673,103.7419228553772,A1_HOLDING_SERVO_ON,A1_HOLDING_SERVO_ON_R03_20260611_125501,delta-asda-b3-e,1616,VE|SOD|TR,1,0,-7101,0,0,0.0,0,0.0,298,49,4270,2391,6000,,0,,,,holding,normal,0,no_load,none,"A1: Servo ON, shaft stationary",servo-app/lab-0.1
1781157406.2863822,103.84223771095276,A1_HOLDING_SERVO_ON,A1_HOLDING_SERVO_ON_R03_20260611_125501,delta-asda-b3-e,1616,VE|SOD|TR,1,0,-7101,0,0,0.0,-1,-0.002391,299,49,4270,2391,6000,,0,,,,holding,normal,0,no_load,none,"A1: Servo ON, shaft stationary",servo-app/lab-0.1
1781157406.3867588,103.94261431694031,A1_HOLDING_SERVO_ON,A1_HOLDING_SERVO_ON_R03_20260611_125501,delta-asda-b3-e,1616,VE|SOD|TR,1,0,-7101,0,-1,-0.00427,-1,-0.002391,299,49,4270,2391,6000,,0,,,,holding,normal,0,no_load,none,"A1: Servo ON, shaft stationary",servo-app/lab-0.1
1781157406.4871495,104.04300498962402,A1_HOLDING_SERVO_ON,A1_HOLDING_SERVO_ON_R03_20260611_125501,delta-asda-b3-e,1616,VE|SOD|TR,1,0,-7101,0,0,0.0,0,0.0,299,49,4270,2391,6000,,0,,,,holding,normal,0,no_load,none,"A1: Servo ON, shaft stationary",servo-app/lab-0.1
1781157406.5875318,104.14338731765747,A1_HOLDING_SERVO_ON,A1_HOLDING_SERVO_ON_R03_20260611_125501,delta-asda-b3-e,1616,VE|SOD|TR,1,0,-7101,0,-1,-0.00427,0,0.0,299,49,4270,2391,6000,,0,,,,holding,normal,0,no_load,none,"A1: Servo ON, shaft stationary",servo-app/lab-0.1
1781157406.6883173,104.24417281150818,A1_HOLDING_SERVO_ON,A1_HOLDING_SERVO_ON_R03_20260611_125501,delta-asda-b3-e,1616,VE|SOD|TR,1,0,-7101,0,0,0.0,0,0.0,298,49,4270,2391,6000,,0,,,,holding,normal,0,no_load,none,"A1: Servo ON, shaft stationary",servo-app/lab-0.1
1781157406.7885823,104.34443783760071,A1_HOLDING_SERVO_ON,A1_HOLDING_SERVO_ON_R03_20260611_125501,delta-asda-b3-e,1616,VE|SOD|TR,1,0,-7101,0,0,0.0,-1,-0.002391,299,49,4270,2391,6000,,0,,,,holding,normal,0,no_load,none,"A1: Servo ON, shaft stationary",servo-app/lab-0.1
1781157406.8886995,104.4445550441742,A1_HOLDING_SERVO_ON,A1_HOLDING_SERVO_ON_R03_20260611_125501,delta-asda-b3-e,1616,VE|SOD|TR,1,0,-7101,0,0,0.0,0,0.0,299,49,4270,2391,6000,,0,,,,holding,normal,0,no_load,none,"A1: Servo ON, shaft stationary",servo-app/lab-0.1
1781157406.989467,104.54532241821289,A1_HOLDING_SERVO_ON,A1_HOLDING_SERVO_ON_R03_20260611_125501,delta-asda-b3-e,1616,VE|SOD|TR,1,0,-7097,0,-1,-0.00427,0,0.0,299,49,4270,2391,6000,,0,,,,holding,normal,0,no_load,none,"A1: Servo ON, shaft stationary",servo-app/lab-0.1
1781157407.090093,104.64594841003418,A1_HOLDING_SERVO_ON,A1_HOLDING_SERVO_ON_R03_20260611_125501,delta-asda-b3-e,1616,VE|SOD|TR,1,0,-7101,0,0,0.0,-1,-0.002391,299,49,4270,2391,6000,,0,,,,holding,normal,0,no_load,none,"A1: Servo ON, shaft stationary",servo-app/lab-0.1
1781157407.1904683,104.74632382392883,A1_HOLDING_SERVO_ON,A1_HOLDING_SERVO_ON_R03_20260611_125501,delta-asda-b3-e,1616,VE|SOD|TR,1,0,-7101,0,0,0.0,0,0.0,299,49,4270,2391,6000,,0,,,,holding,normal,0,no_load,none,"A1: Servo ON, shaft stationary",servo-app/lab-0.1
1781157407.2908547,104.84671020507812,A1_HOLDING_SERVO_ON,A1_HOLDING_SERVO_ON_R03_20260611_125501,delta-asda-b3-e,1616,VE|SOD|TR,1,0,-7101,0,-1,-0.00427,0,0.0,299,49,4270,2391,6000,,0,,,,holding,normal,0,no_load,none,"A1: Servo ON, shaft stationary",servo-app/lab-0.1
1781157407.3909578,104.94681334495544,A1_HOLDING_SERVO_ON,A1_HOLDING_SERVO_ON_R03_20260611_125501,delta-asda-b3-e,1616,VE|SOD|TR,1,0,-7101,0,0,0.0,0,0.0,299,49,4270,2391,6000,,0,,,,holding,normal,0,no_load,none,"A1: Servo ON, shaft stationary",servo-app/lab-0.1
1781157407.4912138,105.04706931114197,A1_HOLDING_SERVO_ON,A1_HOLDING_SERVO_ON_R03_20260611_125501,delta-asda-b3-e,1616,VE|SOD|TR,1,0,-7087,0,0,0.0,-1,-0.002391,299,49,4270,2391,6000,,0,,,,holding,normal,0,no_load,none,"A1: Servo ON, shaft stationary",servo-app/lab-0.1
1781157407.591464,105.14731955528259,A1_HOLDING_SERVO_ON,A1_HOLDING_SERVO_ON_R03_20260611_125501,delta-asda-b3-e,1616,VE|SOD|TR,1,0,-7091,0,-1,-0.00427,-1,-0.002391,299,49,4270,2391,6000,,0,,,,holding,normal,0,no_load,none,"A1: Servo ON, shaft stationary",servo-app/lab-0.1
1781157407.6919153,105.2477707862854,A1_HOLDING_SERVO_ON,A1_HOLDING_SERVO_ON_R03_20260611_125501,delta-asda-b3-e,1616,VE|SOD|TR,1,0,-7101,0,-1,-0.00427,-1,-0.002391,299,49,4270,2391,6000,,0,,,,holding,normal,0,no_load,none,"A1: Servo ON, shaft stationary",servo-app/lab-0.1
1781157407.7920918,105.34794735908508,A1_HOLDING_SERVO_ON,A1_HOLDING_SERVO_ON_R03_20260611_125501,delta-asda-b3-e,1616,VE|SOD|TR,1,0,-7097,0,0,0.0,-1,-0.002391,299,49,4270,2391,6000,,0,,,,holding,normal,0,no_load,none,"A1: Servo ON, shaft stationary",servo-app/lab-0.1
1781157407.8924696,105.44832515716553,A1_HOLDING_SERVO_ON,A1_HOLDING_SERVO_ON_R03_20260611_125501,delta-asda-b3-e,1616,VE|SOD|TR,1,0,-7097,0,0,0.0,-1,-0.002391,299,49,4270,2391,6000,,0,,,,holding,normal,0,no_load,none,"A1: Servo ON, shaft stationary",servo-app/lab-0.1
1781157407.99287,105.54872560501099,A1_HOLDING_SERVO_ON,A1_HOLDING_SERVO_ON_R03_20260611_125501,delta-asda-b3-e,1616,VE|SOD|TR,1,0,-7101,0,-1,-0.00427,0,0.0,299,49,4270,2391,6000,,0,,,,holding,normal,0,no_load,none,"A1: Servo ON, shaft stationary",servo-app/lab-0.1
1781157408.0929723,105.64882779121399,A1_HOLDING_SERVO_ON,A1_HOLDING_SERVO_ON_R03_20260611_125501,delta-asda-b3-e,1616,VE|SOD|TR,1,0,-7101,0,-1,-0.00427,0,0.0,299,49,4270,2391,6000,,0,,,,holding,normal,0,no_load,none,"A1: Servo ON, shaft stationary",servo-app/lab-0.1
1781157408.1933053,105.74916076660156,A1_HOLDING_SERVO_ON,A1_HOLDING_SERVO_ON_R03_20260611_125501,delta-asda-b3-e,1616,VE|SOD|TR,1,0,-7097,0,-1,-0.00427,0,0.0,299,49,4270,2391,6000,,0,,,,holding,normal,0,no_load,none,"A1: Servo ON, shaft stationary",servo-app/lab-0.1
1781157408.293809,105.84966444969177,A1_HOLDING_SERVO_ON,A1_HOLDING_SERVO_ON_R03_20260611_125501,delta-asda-b3-e,1616,VE|SOD|TR,1,0,-7091,0,0,0.0,0,0.0,299,49,4270,2391,6000,,0,,,,holding,normal,0,no_load,none,"A1: Servo ON, shaft stationary",servo-app/lab-0.1
1781157408.3943648,105.9502203464508,A1_HOLDING_SERVO_ON,A1_HOLDING_SERVO_ON_R03_20260611_125501,delta-asda-b3-e,1616,VE|SOD|TR,1,0,-7097,0,0,0.0,-1,-0.002391,299,49,4270,2391,6000,,0,,,,holding,normal,0,no_load,none,"A1: Servo ON, shaft stationary",servo-app/lab-0.1
1781157408.49491,106.05076551437378,A1_HOLDING_SERVO_ON,A1_HOLDING_SERVO_ON_R03_20260611_125501,delta-asda-b3-e,1616,VE|SOD|TR,1,0,-7101,0,-1,-0.00427,0,0.0,299,49,4270,2391,6000,,0,,,,holding,normal,0,no_load,none,"A1: Servo ON, shaft stationary",servo-app/lab-0.1
1781157408.5952435,106.15109896659851,A1_HOLDING_SERVO_ON,A1_HOLDING_SERVO_ON_R03_20260611_125501,delta-asda-b3-e,1616,VE|SOD|TR,1,0,-7101,0,-1,-0.00427,0,0.0,299,49,4270,2391,6000,,0,,,,holding,normal,0,no_load,none,"A1: Servo ON, shaft stationary",servo-app/lab-0.1
1781157408.695543,106.25139856338501,A1_HOLDING_SERVO_ON,A1_HOLDING_SERVO_ON_R03_20260611_125501,delta-asda-b3-e,1616,VE|SOD|TR,1,0,-7101,0,0,0.0,0,0.0,299,49,4270,2391,6000,,0,,,,holding,normal,0,no_load,none,"A1: Servo ON, shaft stationary",servo-app/lab-0.1
1781157408.7958472,106.35170269012451,A1_HOLDING_SERVO_ON,A1_HOLDING_SERVO_ON_R03_20260611_125501,delta-asda-b3-e,1616,VE|SOD|TR,1,0,-7097,0,-1,-0.00427,0,0.0,300,49,4270,2391,6000,,0,,,,holding,normal,0,no_load,none,"A1: Servo ON, shaft stationary",servo-app/lab-0.1
1781157408.8967426,106.45259809494019,A1_HOLDING_SERVO_ON,A1_HOLDING_SERVO_ON_R03_20260611_125501,delta-asda-b3-e,1616,VE|SOD|TR,1,0,-7101,0,-1,-0.00427,-1,-0.002391,299,49,4270,2391,6000,,0,,,,holding,normal,0,no_load,none,"A1: Servo ON, shaft stationary",servo-app/lab-0.1
1781157408.9971526,106.55300807952881,A1_HOLDING_SERVO_ON,A1_HOLDING_SERVO_ON_R03_20260611_125501,delta-asda-b3-e,1616,VE|SOD|TR,1,0,-7101,0,0,0.0,0,0.0,299,49,4270,2391,6000,,0,,,,holding,normal,0,no_load,none,"A1: Servo ON, shaft stationary",servo-app/lab-0.1
1781157409.0975232,106.65337872505188,A1_HOLDING_SERVO_ON,A1_HOLDING_SERVO_ON_R03_20260611_125501,delta-asda-b3-e,1616,VE|SOD|TR,1,0,-7101,0,0,0.0,0,0.0,299,49,4270,2391,6000,,0,,,,holding,normal,0,no_load,none,"A1: Servo ON, shaft stationary",servo-app/lab-0.1
1781157409.1977339,106.75358939170837,A1_HOLDING_SERVO_ON,A1_HOLDING_SERVO_ON_R03_20260611_125501,delta-asda-b3-e,1616,VE|SOD|TR,1,0,-7101,0,-1,-0.00427,0,0.0,299,49,4270,2391,6000,,0,,,,holding,normal,0,no_load,none,"A1: Servo ON, shaft stationary",servo-app/lab-0.1
1781157409.298862,106.85471749305725,A1_HOLDING_SERVO_ON,A1_HOLDING_SERVO_ON_R03_20260611_125501,delta-asda-b3-e,1616,VE|SOD|TR,1,0,-7101,0,-1,-0.00427,-1,-0.002391,299,49,4270,2391,6000,,0,,,,holding,normal,0,no_load,none,"A1: Servo ON, shaft stationary",servo-app/lab-0.1
1781157409.3989258,106.95478129386902,A1_HOLDING_SERVO_ON,A1_HOLDING_SERVO_ON_R03_20260611_125501,delta-asda-b3-e,1616,VE|SOD|TR,1,0,-7101,0,0,0.0,0,0.0,299,49,4270,2391,6000,,0,,,,holding,normal,0,no_load,none,"A1: Servo ON, shaft stationary",servo-app/lab-0.1
1781157409.49961,107.05546545982361,A1_HOLDING_SERVO_ON,A1_HOLDING_SERVO_ON_R03_20260611_125501,delta-asda-b3-e,1616,VE|SOD|TR,1,0,-7101,0,0,0.0,-1,-0.002391,299,49,4270,2391,6000,,0,,,,holding,normal,0,no_load,none,"A1: Servo ON, shaft stationary",servo-app/lab-0.1
1781157409.5997372,107.15559267997742,A1_HOLDING_SERVO_ON,A1_HOLDING_SERVO_ON_R03_20260611_125501,delta-asda-b3-e,1616,VE|SOD|TR,1,0,-7101,0,0,0.0,0,0.0,299,49,4270,2391,6000,,0,,,,holding,normal,0,no_load,none,"A1: Servo ON, shaft stationary",servo-app/lab-0.1
1781157409.6999743,107.25582981109619,A1_HOLDING_SERVO_ON,A1_HOLDING_SERVO_ON_R03_20260611_125501,delta-asda-b3-e,1616,VE|SOD|TR,1,0,-7101,0,0,0.0,0,0.0,299,49,4270,2391,6000,,0,,,,holding,normal,0,no_load,none,"A1: Servo ON, shaft stationary",servo-app/lab-0.1
1781157409.800462,107.3563175201416,A1_HOLDING_SERVO_ON,A1_HOLDING_SERVO_ON_R03_20260611_125501,delta-asda-b3-e,1616,VE|SOD|TR,1,0,-7101,0,0,0.0,-1,-0.002391,299,49,4270,2391,6000,,0,,,,holding,normal,0,no_load,none,"A1: Servo ON, shaft stationary",servo-app/lab-0.1
1781157409.9007614,107.45661687850952,A1_HOLDING_SERVO_ON,A1_HOLDING_SERVO_ON_R03_20260611_125501,delta-asda-b3-e,1616,VE|SOD|TR,1,0,-7097,0,0,0.0,-1,-0.002391,300,49,4270,2391,6000,,0,,,,holding,normal,0,no_load,none,"A1: Servo ON, shaft stationary",servo-app/lab-0.1
1781157410.0010443,107.55689978599548,A1_HOLDING_SERVO_ON,A1_HOLDING_SERVO_ON_R03_20260611_125501,delta-asda-b3-e,1616,VE|SOD|TR,1,0,-7101,0,-1,-0.00427,-1,-0.002391,299,49,4270,2391,6000,,0,,,,holding,normal,0,no_load,none,"A1: Servo ON, shaft stationary",servo-app/lab-0.1
1781157410.1012228,107.6570782661438,A1_HOLDING_SERVO_ON,A1_HOLDING_SERVO_ON_R03_20260611_125501,delta-asda-b3-e,1616,VE|SOD|TR,1,0,-7097,0,0,0.0,0,0.0,299,49,4270,2391,6000,,0,,,,holding,normal,0,no_load,none,"A1: Servo ON, shaft stationary",servo-app/lab-0.1
1781157410.201473,107.75732851028442,A1_HOLDING_SERVO_ON,A1_HOLDING_SERVO_ON_R03_20260611_125501,delta-asda-b3-e,1616,VE|SOD|TR,1,0,-7101,0,0,0.0,0,0.0,299,49,4270,2391,6000,,0,,,,holding,normal,0,no_load,none,"A1: Servo ON, shaft stationary",servo-app/lab-0.1
1781157410.3022468,107.85810232162476,A1_HOLDING_SERVO_ON,A1_HOLDING_SERVO_ON_R03_20260611_125501,delta-asda-b3-e,1616,VE|SOD|TR,1,0,-7091,0,0,0.0,-1,-0.002391,299,49,4270,2391,6000,,0,,,,holding,normal,0,no_load,none,"A1: Servo ON, shaft stationary",servo-app/lab-0.1
1781157410.4023528,107.95820832252502,A1_HOLDING_SERVO_ON,A1_HOLDING_SERVO_ON_R03_20260611_125501,delta-asda-b3-e,1616,VE|SOD|TR,1,0,-7097,0,-1,-0.00427,0,0.0,299,49,4270,2391,6000,,0,,,,holding,normal,0,no_load,none,"A1: Servo ON, shaft stationary",servo-app/lab-0.1
1781157410.502788,108.05864357948303,A1_HOLDING_SERVO_ON,A1_HOLDING_SERVO_ON_R03_20260611_125501,delta-asda-b3-e,1616,VE|SOD|TR,1,0,-7097,0,-1,-0.00427,-1,-0.002391,299,49,4270,2391,6000,,0,,,,holding,normal,0,no_load,none,"A1: Servo ON, shaft stationary",servo-app/lab-0.1
1781157410.6035457,108.15940117835999,A1_HOLDING_SERVO_ON,A1_HOLDING_SERVO_ON_R03_20260611_125501,delta-asda-b3-e,1616,VE|SOD|TR,1,0,-7097,0,0,0.0,0,0.0,299,49,4270,2391,6000,,0,,,,holding,normal,0,no_load,none,"A1: Servo ON, shaft stationary",servo-app/lab-0.1
1781157410.7037365,108.25959205627441,A1_HOLDING_SERVO_ON,A1_HOLDING_SERVO_ON_R03_20260611_125501,delta-asda-b3-e,1616,VE|SOD|TR,1,0,-7101,0,-1,-0.00427,0,0.0,298,49,4270,2391,6000,,0,,,,holding,normal,0,no_load,none,"A1: Servo ON, shaft stationary",servo-app/lab-0.1
1781157410.8042347,108.3600902557373,A1_HOLDING_SERVO_ON,A1_HOLDING_SERVO_ON_R03_20260611_125501,delta-asda-b3-e,1616,VE|SOD|TR,1,0,-7097,0,-1,-0.00427,0,0.0,299,49,4270,2391,6000,,0,,,,holding,normal,0,no_load,none,"A1: Servo ON, shaft stationary",servo-app/lab-0.1
1781157410.9045136,108.46036911010742,A1_HOLDING_SERVO_ON,A1_HOLDING_SERVO_ON_R03_20260611_125501,delta-asda-b3-e,1616,VE|SOD|TR,1,0,-7101,0,0,0.0,0,0.0,299,49,4270,2391,6000,,0,,,,holding,normal,0,no_load,none,"A1: Servo ON, shaft stationary",servo-app/lab-0.1
1781157411.004616,108.560471534729,A1_HOLDING_SERVO_ON,A1_HOLDING_SERVO_ON_R03_20260611_125501,delta-asda-b3-e,1616,VE|SOD|TR,1,0,-7091,0,0,0.0,0,0.0,299,49,4270,2391,6000,,0,,,,holding,normal,0,no_load,none,"A1: Servo ON, shaft stationary",servo-app/lab-0.1
1781157411.1048572,108.66071271896362,A1_HOLDING_SERVO_ON,A1_HOLDING_SERVO_ON_R03_20260611_125501,delta-asda-b3-e,1616,VE|SOD|TR,1,0,-7101,0,-1,-0.00427,-1,-0.002391,299,49,4270,2391,6000,,0,,,,holding,normal,0,no_load,none,"A1: Servo ON, shaft stationary",servo-app/lab-0.1
1781157411.2049246,108.76078009605408,A1_HOLDING_SERVO_ON,A1_HOLDING_SERVO_ON_R03_20260611_125501,delta-asda-b3-e,1616,VE|SOD|TR,1,0,-7101,0,0,0.0,0,0.0,299,49,4270,2391,6000,,0,,,,holding,normal,0,no_load,none,"A1: Servo ON, shaft stationary",servo-app/lab-0.1
1781157411.3050783,108.86093378067017,A1_HOLDING_SERVO_ON,A1_HOLDING_SERVO_ON_R03_20260611_125501,delta-asda-b3-e,1616,VE|SOD|TR,1,0,-7097,0,-1,-0.00427,0,0.0,299,49,4270,2391,6000,,0,,,,holding,normal,0,no_load,none,"A1: Servo ON, shaft stationary",servo-app/lab-0.1
1781157411.4054139,108.96126937866211,A1_HOLDING_SERVO_ON,A1_HOLDING_SERVO_ON_R03_20260611_125501,delta-asda-b3-e,1616,VE|SOD|TR,1,0,-7101,0,0,0.0,0,0.0,299,49,4270,2391,6000,,0,,,,holding,normal,0,no_load,none,"A1: Servo ON, shaft stationary",servo-app/lab-0.1
1781157411.5056057,109.06146121025085,A1_HOLDING_SERVO_ON,A1_HOLDING_SERVO_ON_R03_20260611_125501,delta-asda-b3-e,1616,VE|SOD|TR,1,0,-7101,0,0,0.0,0,0.0,299,49,4270,2391,6000,,0,,,,holding,normal,0,no_load,none,"A1: Servo ON, shaft stationary",servo-app/lab-0.1
1781157411.6060095,109.16186499595642,A1_HOLDING_SERVO_ON,A1_HOLDING_SERVO_ON_R03_20260611_125501,delta-asda-b3-e,1616,VE|SOD|TR,1,0,-7101,0,0,0.0,-1,-0.002391,299,49,4270,2391,6000,,0,,,,holding,normal,0,no_load,none,"A1: Servo ON, shaft stationary",servo-app/lab-0.1
1781157411.7062662,109.26212167739868,A1_HOLDING_SERVO_ON,A1_HOLDING_SERVO_ON_R03_20260611_125501,delta-asda-b3-e,1616,VE|SOD|TR,1,0,-7101,0,-1,-0.00427,0,0.0,299,49,4270,2391,6000,,0,,,,holding,normal,0,no_load,none,"A1: Servo ON, shaft stationary",servo-app/lab-0.1
1781157411.8066404,109.36249589920044,A1_HOLDING_SERVO_ON,A1_HOLDING_SERVO_ON_R03_20260611_125501,delta-asda-b3-e,1616,VE|SOD|TR,1,0,-7101,0,-1,-0.00427,0,0.0,299,49,4270,2391,6000,,0,,,,holding,normal,0,no_load,none,"A1: Servo ON, shaft stationary",servo-app/lab-0.1
1781157411.9071991,109.46305465698242,A1_HOLDING_SERVO_ON,A1_HOLDING_SERVO_ON_R03_20260611_125501,delta-asda-b3-e,1616,VE|SOD|TR,1,0,-7101,0,-1,-0.00427,0,0.0,299,49,4270,2391,6000,,0,,,,holding,normal,0,no_load,none,"A1: Servo ON, shaft stationary",servo-app/lab-0.1
1781157412.007367,109.56322240829468,A1_HOLDING_SERVO_ON,A1_HOLDING_SERVO_ON_R03_20260611_125501,delta-asda-b3-e,1616,VE|SOD|TR,1,0,-7101,0,0,0.0,0,0.0,299,49,4270,2391,6000,,0,,,,holding,normal,0,no_load,none,"A1: Servo ON, shaft stationary",servo-app/lab-0.1
1781157412.1078875,109.663743019104,A1_HOLDING_SERVO_ON,A1_HOLDING_SERVO_ON_R03_20260611_125501,delta-asda-b3-e,1616,VE|SOD|TR,1,0,-7101,0,0,0.0,0,0.0,298,49,4270,2391,6000,,0,,,,holding,normal,0,no_load,none,"A1: Servo ON, shaft stationary",servo-app/lab-0.1
1781157412.2083292,109.76418471336365,A1_HOLDING_SERVO_ON,A1_HOLDING_SERVO_ON_R03_20260611_125501,delta-asda-b3-e,1616,VE|SOD|TR,1,0,-7091,0,-1,-0.00427,-1,-0.002391,299,49,4270,2391,6000,,0,,,,holding,normal,0,no_load,none,"A1: Servo ON, shaft stationary",servo-app/lab-0.1
1781157412.308848,109.86470341682434,A1_HOLDING_SERVO_ON,A1_HOLDING_SERVO_ON_R03_20260611_125501,delta-asda-b3-e,1616,VE|SOD|TR,1,0,-7101,0,-1,-0.00427,0,0.0,299,49,4270,2391,6000,,0,,,,holding,normal,0,no_load,none,"A1: Servo ON, shaft stationary",servo-app/lab-0.1
1781157412.4097612,109.96561670303345,A1_HOLDING_SERVO_ON,A1_HOLDING_SERVO_ON_R03_20260611_125501,delta-asda-b3-e,1616,VE|SOD|TR,1,0,-7097,0,0,0.0,0,0.0,299,49,4270,2391,6000,,0,,,,holding,normal,0,no_load,none,"A1: Servo ON, shaft stationary",servo-app/lab-0.1
1781157412.5099456,110.06580114364624,A1_HOLDING_SERVO_ON,A1_HOLDING_SERVO_ON_R03_20260611_125501,delta-asda-b3-e,1616,VE|SOD|TR,1,0,-7101,0,-1,-0.00427,0,0.0,299,49,4270,2391,6000,,0,,,,holding,normal,0,no_load,none,"A1: Servo ON, shaft stationary",servo-app/lab-0.1
1781157412.6099992,110.1658546924591,A1_HOLDING_SERVO_ON,A1_HOLDING_SERVO_ON_R03_20260611_125501,delta-asda-b3-e,1616,VE|SOD|TR,1,0,-7101,0,-1,-0.00427,0,0.0,299,49,4270,2391,6000,,0,,,,holding,normal,0,no_load,none,"A1: Servo ON, shaft stationary",servo-app/lab-0.1
1781157412.710481,110.26633644104004,A1_HOLDING_SERVO_ON,A1_HOLDING_SERVO_ON_R03_20260611_125501,delta-asda-b3-e,1616,VE|SOD|TR,1,0,-7101,0,0,0.0,0,0.0,299,49,4270,2391,6000,,0,,,,holding,normal,0,no_load,none,"A1: Servo ON, shaft stationary",servo-app/lab-0.1
1781157412.810652,110.3665075302124,A1_HOLDING_SERVO_ON,A1_HOLDING_SERVO_ON_R03_20260611_125501,delta-asda-b3-e,1616,VE|SOD|TR,1,0,-7101,0,-1,-0.00427,0,0.0,299,49,4270,2391,6000,,0,,,,holding,normal,0,no_load,none,"A1: Servo ON, shaft stationary",servo-app/lab-0.1
1781157412.9109635,110.46681904792786,A1_HOLDING_SERVO_ON,A1_HOLDING_SERVO_ON_R03_20260611_125501,delta-asda-b3-e,1616,VE|SOD|TR,1,0,-7101,0,0,0.0,0,0.0,299,49,4270,2391,6000,,0,,,,holding,normal,0,no_load,none,"A1: Servo ON, shaft stationary",servo-app/lab-0.1
1781157413.0115168,110.56737232208252,A1_HOLDING_SERVO_ON,A1_HOLDING_SERVO_ON_R03_20260611_125501,delta-asda-b3-e,1616,VE|SOD|TR,1,0,-7101,0,0,0.0,0,0.0,299,49,4270,2391,6000,,0,,,,holding,normal,0,no_load,none,"A1: Servo ON, shaft stationary",servo-app/lab-0.1
1781157413.1119719,110.66782736778259,A1_HOLDING_SERVO_ON,A1_HOLDING_SERVO_ON_R03_20260611_125501,delta-asda-b3-e,1616,VE|SOD|TR,1,0,-7101,0,0,0.0,-1,-0.002391,299,49,4270,2391,6000,,0,,,,holding,normal,0,no_load,none,"A1: Servo ON, shaft stationary",servo-app/lab-0.1
1781157413.413602,110.96945762634277,A1_HOLDING_SERVO_ON,A1_HOLDING_SERVO_ON_R03_20260611_125501,delta-asda-b3-e,1616,VE|SOD|TR,1,0,-7097,0,0,0.0,0,0.0,299,49,4270,2391,6000,,0,,,,holding,normal,0,no_load,none,"A1: Servo ON, shaft stationary",servo-app/lab-0.1
1781157413.514117,111.0699725151062,A1_HOLDING_SERVO_ON,A1_HOLDING_SERVO_ON_R03_20260611_125501,delta-asda-b3-e,1616,VE|SOD|TR,1,0,-7101,0,-1,-0.00427,0,0.0,299,49,4270,2391,6000,,0,,,,holding,normal,0,no_load,none,"A1: Servo ON, shaft stationary",servo-app/lab-0.1
1781157413.6146445,111.17050004005432,A1_HOLDING_SERVO_ON,A1_HOLDING_SERVO_ON_R03_20260611_125501,delta-asda-b3-e,1616,VE|SOD|TR,1,0,-7101,0,-1,-0.00427,-1,-0.002391,298,49,4270,2391,6000,,0,,,,holding,normal,0,no_load,none,"A1: Servo ON, shaft stationary",servo-app/lab-0.1
1781157413.7148645,111.2707200050354,A1_HOLDING_SERVO_ON,A1_HOLDING_SERVO_ON_R03_20260611_125501,delta-asda-b3-e,1616,VE|SOD|TR,1,0,-7101,0,-1,-0.00427,-1,-0.002391,299,49,4270,2391,6000,,0,,,,holding,normal,0,no_load,none,"A1: Servo ON, shaft stationary",servo-app/lab-0.1
1781157413.8154724,111.37132787704468,A1_HOLDING_SERVO_ON,A1_HOLDING_SERVO_ON_R03_20260611_125501,delta-asda-b3-e,1616,VE|SOD|TR,1,0,-7101,0,-1,-0.00427,-1,-0.002391,299,49,4270,2391,6000,,0,,,,holding,normal,0,no_load,none,"A1: Servo ON, shaft stationary",servo-app/lab-0.1
1781157413.9157114,111.47156691551208,A1_HOLDING_SERVO_ON,A1_HOLDING_SERVO_ON_R03_20260611_125501,delta-asda-b3-e,1616,VE|SOD|TR,1,0,-7101,0,-1,-0.00427,0,0.0,299,49,4270,2391,6000,,0,,,,holding,normal,0,no_load,none,"A1: Servo ON, shaft stationary",servo-app/lab-0.1
1781157414.015883,111.5717384815216,A1_HOLDING_SERVO_ON,A1_HOLDING_SERVO_ON_R03_20260611_125501,delta-asda-b3-e,1616,VE|SOD|TR,1,0,-7095,0,-1,-0.00427,0,0.0,299,49,4270,2391,6000,,0,,,,holding,normal,0,no_load,none,"A1: Servo ON, shaft stationary",servo-app/lab-0.1
1781157414.1164653,111.67232084274292,A1_HOLDING_SERVO_ON,A1_HOLDING_SERVO_ON_R03_20260611_125501,delta-asda-b3-e,1616,VE|SOD|TR,1,0,-7097,0,0,0.0,0,0.0,299,49,4270,2391,6000,,0,,,,holding,normal,0,no_load,none,"A1: Servo ON, shaft stationary",servo-app/lab-0.1
1781157414.2168798,111.77273535728455,A1_HOLDING_SERVO_ON,A1_HOLDING_SERVO_ON_R03_20260611_125501,delta-asda-b3-e,1616,VE|SOD|TR,1,0,-7101,0,-1,-0.00427,-1,-0.002391,299,49,4270,2391,6000,,0,,,,holding,normal,0,no_load,none,"A1: Servo ON, shaft stationary",servo-app/lab-0.1
1781157414.3171196,111.87297511100769,A1_HOLDING_SERVO_ON,A1_HOLDING_SERVO_ON_R03_20260611_125501,delta-asda-b3-e,1616,VE|SOD|TR,1,0,-7101,0,-1,-0.00427,-1,-0.002391,299,49,4270,2391,6000,,0,,,,holding,normal,0,no_load,none,"A1: Servo ON, shaft stationary",servo-app/lab-0.1
1781157414.4174838,111.97333931922913,A1_HOLDING_SERVO_ON,A1_HOLDING_SERVO_ON_R03_20260611_125501,delta-asda-b3-e,1616,VE|SOD|TR,1,0,-7101,0,0,0.0,0,0.0,299,49,4270,2391,6000,,0,,,,holding,normal,0,no_load,none,"A1: Servo ON, shaft stationary",servo-app/lab-0.1
1781157414.5179198,112.07377529144287,A1_HOLDING_SERVO_ON,A1_HOLDING_SERVO_ON_R03_20260611_125501,delta-asda-b3-e,1616,VE|SOD|TR,1,0,-7101,0,0,0.0,0,0.0,299,49,4270,2391,6000,,0,,,,holding,normal,0,no_load,none,"A1: Servo ON, shaft stationary",servo-app/lab-0.1
1781157414.61837,112.17422556877136,A1_HOLDING_SERVO_ON,A1_HOLDING_SERVO_ON_R03_20260611_125501,delta-asda-b3-e,1616,VE|SOD|TR,1,0,-7091,0,-1,-0.00427,-1,-0.002391,299,49,4270,2391,6000,,0,,,,holding,normal,0,no_load,none,"A1: Servo ON, shaft stationary",servo-app/lab-0.1
1781157414.7188993,112.27475476264954,A1_HOLDING_SERVO_ON,A1_HOLDING_SERVO_ON_R03_20260611_125501,delta-asda-b3-e,1616,VE|SOD|TR,1,0,-7097,0,0,0.0,0,0.0,299,49,4270,2391,6000,,0,,,,holding,normal,0,no_load,none,"A1: Servo ON, shaft stationary",servo-app/lab-0.1
1781157414.8194144,112.37526988983154,A1_HOLDING_SERVO_ON,A1_HOLDING_SERVO_ON_R03_20260611_125501,delta-asda-b3-e,1616,VE|SOD|TR,1,0,-7101,0,-1,-0.00427,0,0.0,299,49,4270,2391,6000,,0,,,,holding,normal,0,no_load,none,"A1: Servo ON, shaft stationary",servo-app/lab-0.1
1781157414.9196575,112.4755129814148,A1_HOLDING_SERVO_ON,A1_HOLDING_SERVO_ON_R03_20260611_125501,delta-asda-b3-e,1616,VE|SOD|TR,1,0,-7097,0,-1,-0.00427,0,0.0,299,49,4270,2391,6000,,0,,,,holding,normal,0,no_load,none,"A1: Servo ON, shaft stationary",servo-app/lab-0.1
1781157415.0202427,112.57609820365906,A1_HOLDING_SERVO_ON,A1_HOLDING_SERVO_ON_R03_20260611_125501,delta-asda-b3-e,1616,VE|SOD|TR,1,0,-7101,0,-1,-0.00427,-1,-0.002391,299,49,4270,2391,6000,,0,,,,holding,normal,0,no_load,none,"A1: Servo ON, shaft stationary",servo-app/lab-0.1
1781157415.1207306,112.67658615112305,A1_HOLDING_SERVO_ON,A1_HOLDING_SERVO_ON_R03_20260611_125501,delta-asda-b3-e,1616,VE|SOD|TR,1,0,-7101,0,0,0.0,-1,-0.002391,300,49,4270,2391,6000,,0,,,,holding,normal,0,no_load,none,"A1: Servo ON, shaft stationary",servo-app/lab-0.1
1781157415.2210078,112.77686333656311,A1_HOLDING_SERVO_ON,A1_HOLDING_SERVO_ON_R03_20260611_125501,delta-asda-b3-e,1616,VE|SOD|TR,1,0,-7101,0,-1,-0.00427,0,0.0,299,49,4270,2391,6000,,0,,,,holding,normal,0,no_load,none,"A1: Servo ON, shaft stationary",servo-app/lab-0.1
1781157415.3214684,112.8773238658905,A1_HOLDING_SERVO_ON,A1_HOLDING_SERVO_ON_R03_20260611_125501,delta-asda-b3-e,1616,VE|SOD|TR,1,0,-7101,0,0,0.0,0,0.0,299,49,4270,2391,6000,,0,,,,holding,normal,0,no_load,none,"A1: Servo ON, shaft stationary",servo-app/lab-0.1
1781157415.4217079,112.97756338119507,A1_HOLDING_SERVO_ON,A1_HOLDING_SERVO_ON_R03_20260611_125501,delta-asda-b3-e,1616,VE|SOD|TR,1,0,-7101,0,-1,-0.00427,0,0.0,299,49,4270,2391,6000,,0,,,,holding,normal,0,no_load,none,"A1: Servo ON, shaft stationary",servo-app/lab-0.1
1781157415.5222838,113.07813930511475,A1_HOLDING_SERVO_ON,A1_HOLDING_SERVO_ON_R03_20260611_125501,delta-asda-b3-e,1616,VE|SOD|TR,1,0,-7101,0,-1,-0.00427,0,0.0,299,49,4270,2391,6000,,0,,,,holding,normal,0,no_load,none,"A1: Servo ON, shaft stationary",servo-app/lab-0.1
1781157415.6224463,113.17830181121826,A1_HOLDING_SERVO_ON,A1_HOLDING_SERVO_ON_R03_20260611_125501,delta-asda-b3-e,1616,VE|SOD|TR,1,0,-7101,0,-1,-0.00427,0,0.0,299,49,4270,2391,6000,,0,,,,holding,normal,0,no_load,none,"A1: Servo ON, shaft stationary",servo-app/lab-0.1
1781157415.7225845,113.27843999862671,A1_HOLDING_SERVO_ON,A1_HOLDING_SERVO_ON_R03_20260611_125501,delta-asda-b3-e,1616,VE|SOD|TR,1,0,-7101,0,-1,-0.00427,0,0.0,299,49,4270,2391,6000,,0,,,,holding,normal,0,no_load,none,"A1: Servo ON, shaft stationary",servo-app/lab-0.1
1781157415.8816996,113.43755507469177,A1_HOLDING_SERVO_ON,A1_HOLDING_SERVO_ON_R03_20260611_125501,delta-asda-b3-e,1616,VE|SOD|TR,1,0,-7101,0,0,0.0,0,0.0,299,49,4270,2391,6000,,0,,,,holding,normal,0,no_load,none,"A1: Servo ON, shaft stationary",servo-app/lab-0.1
1781157415.9818833,113.53773880004883,A1_HOLDING_SERVO_ON,A1_HOLDING_SERVO_ON_R03_20260611_125501,delta-asda-b3-e,1616,VE|SOD|TR,1,0,-7101,0,0,0.0,-1,-0.002391,299,49,4270,2391,6000,,0,,,,holding,normal,0,no_load,none,"A1: Servo ON, shaft stationary",servo-app/lab-0.1
1781157416.082237,113.63809251785278,A1_HOLDING_SERVO_ON,A1_HOLDING_SERVO_ON_R03_20260611_125501,delta-asda-b3-e,1616,VE|SOD|TR,1,0,-7101,0,-1,-0.00427,0,0.0,299,49,4270,2391,6000,,0,,,,holding,normal,0,no_load,none,"A1: Servo ON, shaft stationary",servo-app/lab-0.1
1781157416.1826293,113.73848485946655,A1_HOLDING_SERVO_ON,A1_HOLDING_SERVO_ON_R03_20260611_125501,delta-asda-b3-e,1616,VE|SOD|TR,1,0,-7087,0,0,0.0,-1,-0.002391,299,49,4270,2391,6000,,0,,,,holding,normal,0,no_load,none,"A1: Servo ON, shaft stationary",servo-app/lab-0.1
1781157416.2829757,113.83883118629456,A1_HOLDING_SERVO_ON,A1_HOLDING_SERVO_ON_R03_20260611_125501,delta-asda-b3-e,1616,VE|SOD|TR,1,0,-7097,0,-1,-0.00427,-1,-0.002391,299,49,4270,2391,6000,,0,,,,holding,normal,0,no_load,none,"A1: Servo ON, shaft stationary",servo-app/lab-0.1
1781157416.383425,113.93928050994873,A1_HOLDING_SERVO_ON,A1_HOLDING_SERVO_ON_R03_20260611_125501,delta-asda-b3-e,1616,VE|SOD|TR,1,0,-7101,0,-1,-0.00427,-1,-0.002391,299,49,4270,2391,6000,,0,,,,holding,normal,0,no_load,none,"A1: Servo ON, shaft stationary",servo-app/lab-0.1
1781157416.48373,114.03958559036255,A1_HOLDING_SERVO_ON,A1_HOLDING_SERVO_ON_R03_20260611_125501,delta-asda-b3-e,1616,VE|SOD|TR,1,0,-7101,0,-1,-0.00427,-1,-0.002391,299,49,4270,2391,6000,,0,,,,holding,normal,0,no_load,none,"A1: Servo ON, shaft stationary",servo-app/lab-0.1
1781157416.5842285,114.14008402824402,A1_HOLDING_SERVO_ON,A1_HOLDING_SERVO_ON_R03_20260611_125501,delta-asda-b3-e,1616,VE|SOD|TR,1,0,-7095,0,0,0.0,-1,-0.002391,299,49,4270,2391,6000,,0,,,,holding,normal,0,no_load,none,"A1: Servo ON, shaft stationary",servo-app/lab-0.1
1781157416.6845183,114.24037384986877,A1_HOLDING_SERVO_ON,A1_HOLDING_SERVO_ON_R03_20260611_125501,delta-asda-b3-e,1616,VE|SOD|TR,1,0,-7101,0,0,0.0,-1,-0.002391,299,49,4270,2391,6000,,0,,,,holding,normal,0,no_load,none,"A1: Servo ON, shaft stationary",servo-app/lab-0.1
1781157416.7848299,114.34068536758423,A1_HOLDING_SERVO_ON,A1_HOLDING_SERVO_ON_R03_20260611_125501,delta-asda-b3-e,1616,VE|SOD|TR,1,0,-7095,0,-1,-0.00427,-1,-0.002391,300,49,4270,2391,6000,,0,,,,holding,normal,0,no_load,none,"A1: Servo ON, shaft stationary",servo-app/lab-0.1
1781157416.885159,114.44101452827454,A1_HOLDING_SERVO_ON,A1_HOLDING_SERVO_ON_R03_20260611_125501,delta-asda-b3-e,1616,VE|SOD|TR,1,0,-7101,0,0,0.0,-1,-0.002391,299,49,4270,2391,6000,,0,,,,holding,normal,0,no_load,none,"A1: Servo ON, shaft stationary",servo-app/lab-0.1
1781157416.9854116,114.54126715660095,A1_HOLDING_SERVO_ON,A1_HOLDING_SERVO_ON_R03_20260611_125501,delta-asda-b3-e,1616,VE|SOD|TR,1,0,-7101,0,0,0.0,0,0.0,299,49,4270,2391,6000,,0,,,,holding,normal,0,no_load,none,"A1: Servo ON, shaft stationary",servo-app/lab-0.1
1781157417.085914,114.64176940917969,A1_HOLDING_SERVO_ON,A1_HOLDING_SERVO_ON_R03_20260611_125501,delta-asda-b3-e,1616,VE|SOD|TR,1,0,-7101,0,0,0.0,-1,-0.002391,299,49,4270,2391,6000,,0,,,,holding,normal,0,no_load,none,"A1: Servo ON, shaft stationary",servo-app/lab-0.1
1781157417.1864796,114.74233508110046,A1_HOLDING_SERVO_ON,A1_HOLDING_SERVO_ON_R03_20260611_125501,delta-asda-b3-e,1616,VE|SOD|TR,1,0,-7101,0,0,0.0,0,0.0,299,49,4270,2391,6000,,0,,,,holding,normal,0,no_load,none,"A1: Servo ON, shaft stationary",servo-app/lab-0.1
1781157417.2868326,114.84268808364868,A1_HOLDING_SERVO_ON,A1_HOLDING_SERVO_ON_R03_20260611_125501,delta-asda-b3-e,1616,VE|SOD|TR,1,0,-7101,0,-1,-0.00427,0,0.0,299,49,4270,2391,6000,,0,,,,holding,normal,0,no_load,none,"A1: Servo ON, shaft stationary",servo-app/lab-0.1
1781157417.3872306,114.94308614730835,A1_HOLDING_SERVO_ON,A1_HOLDING_SERVO_ON_R03_20260611_125501,delta-asda-b3-e,1616,VE|SOD|TR,1,0,-7097,0,0,0.0,-1,-0.002391,299,49,4270,2391,6000,,0,,,,holding,normal,0,no_load,none,"A1: Servo ON, shaft stationary",servo-app/lab-0.1
1781157417.4874682,115.04332375526428,A1_HOLDING_SERVO_ON,A1_HOLDING_SERVO_ON_R03_20260611_125501,delta-asda-b3-e,1616,VE|SOD|TR,1,0,-7101,0,-1,-0.00427,-1,-0.002391,299,49,4270,2391,6000,,0,,,,holding,normal,0,no_load,none,"A1: Servo ON, shaft stationary",servo-app/lab-0.1
1781157417.587648,115.1435034275055,A1_HOLDING_SERVO_ON,A1_HOLDING_SERVO_ON_R03_20260611_125501,delta-asda-b3-e,1616,VE|SOD|TR,1,0,-7101,0,0,0.0,-1,-0.002391,299,49,4270,2391,6000,,0,,,,holding,normal,0,no_load,none,"A1: Servo ON, shaft stationary",servo-app/lab-0.1
1781157417.6878405,115.24369597434998,A1_HOLDING_SERVO_ON,A1_HOLDING_SERVO_ON_R03_20260611_125501,delta-asda-b3-e,1616,VE|SOD|TR,1,0,-7101,0,0,0.0,-1,-0.002391,299,49,4270,2391,6000,,0,,,,holding,normal,0,no_load,none,"A1: Servo ON, shaft stationary",servo-app/lab-0.1
1781157417.7882624,115.34411787986755,A1_HOLDING_SERVO_ON,A1_HOLDING_SERVO_ON_R03_20260611_125501,delta-asda-b3-e,1616,VE|SOD|TR,1,0,-7101,0,0,0.0,-1,-0.002391,299,49,4270,2391,6000,,0,,,,holding,normal,0,no_load,none,"A1: Servo ON, shaft stationary",servo-app/lab-0.1
1781157417.8886638,115.44451928138733,A1_HOLDING_SERVO_ON,A1_HOLDING_SERVO_ON_R03_20260611_125501,delta-asda-b3-e,1616,VE|SOD|TR,1,0,-7101,0,0,0.0,0,0.0,299,49,4270,2391,6000,,0,,,,holding,normal,0,no_load,none,"A1: Servo ON, shaft stationary",servo-app/lab-0.1
1781157417.9893825,115.54523801803589,A1_HOLDING_SERVO_ON,A1_HOLDING_SERVO_ON_R03_20260611_125501,delta-asda-b3-e,1616,VE|SOD|TR,1,0,-7101,0,0,0.0,0,0.0,299,49,4270,2391,6000,,0,,,,holding,normal,0,no_load,none,"A1: Servo ON, shaft stationary",servo-app/lab-0.1
1781157418.08982,115.64567542076111,A1_HOLDING_SERVO_ON,A1_HOLDING_SERVO_ON_R03_20260611_125501,delta-asda-b3-e,1616,VE|SOD|TR,1,0,-7101,0,0,0.0,-1,-0.002391,299,49,4270,2391,6000,,0,,,,holding,normal,0,no_load,none,"A1: Servo ON, shaft stationary",servo-app/lab-0.1
1781157418.1902418,115.74609732627869,A1_HOLDING_SERVO_ON,A1_HOLDING_SERVO_ON_R03_20260611_125501,delta-asda-b3-e,1616,VE|SOD|TR,1,0,-7101,0,-1,-0.00427,0,0.0,299,49,4270,2391,6000,,0,,,,holding,normal,0,no_load,none,"A1: Servo ON, shaft stationary",servo-app/lab-0.1
1781157418.2905562,115.84641170501709,A1_HOLDING_SERVO_ON,A1_HOLDING_SERVO_ON_R03_20260611_125501,delta-asda-b3-e,1616,VE|SOD|TR,1,0,-7101,0,-1,-0.00427,-1,-0.002391,299,49,4270,2391,6000,,0,,,,holding,normal,0,no_load,none,"A1: Servo ON, shaft stationary",servo-app/lab-0.1
1781157418.3906157,115.94647121429443,A1_HOLDING_SERVO_ON,A1_HOLDING_SERVO_ON_R03_20260611_125501,delta-asda-b3-e,1616,VE|SOD|TR,1,0,-7097,0,-1,-0.00427,-1,-0.002391,299,49,4270,2391,6000,,0,,,,holding,normal,0,no_load,none,"A1: Servo ON, shaft stationary",servo-app/lab-0.1
1781157418.4909284,116.04678392410278,A1_HOLDING_SERVO_ON,A1_HOLDING_SERVO_ON_R03_20260611_125501,delta-asda-b3-e,1616,VE|SOD|TR,1,0,-7095,0,-1,-0.00427,0,0.0,299,49,4270,2391,6000,,0,,,,holding,normal,0,no_load,none,"A1: Servo ON, shaft stationary",servo-app/lab-0.1
1781157418.5910757,116.14693117141724,A1_HOLDING_SERVO_ON,A1_HOLDING_SERVO_ON_R03_20260611_125501,delta-asda-b3-e,1616,VE|SOD|TR,1,0,-7101,0,0,0.0,-1,-0.002391,299,49,4270,2391,6000,,0,,,,holding,normal,0,no_load,none,"A1: Servo ON, shaft stationary",servo-app/lab-0.1
1781157418.6915188,116.24737429618835,A1_HOLDING_SERVO_ON,A1_HOLDING_SERVO_ON_R03_20260611_125501,delta-asda-b3-e,1616,VE|SOD|TR,1,0,-7101,0,-1,-0.00427,-1,-0.002391,299,49,4270,2391,6000,,0,,,,holding,normal,0,no_load,none,"A1: Servo ON, shaft stationary",servo-app/lab-0.1
1781157418.791856,116.34771156311035,A1_HOLDING_SERVO_ON,A1_HOLDING_SERVO_ON_R03_20260611_125501,delta-asda-b3-e,1616,VE|SOD|TR,1,0,-7101,0,-1,-0.00427,-1,-0.002391,298,49,4270,2391,6000,,0,,,,holding,normal,0,no_load,none,"A1: Servo ON, shaft stationary",servo-app/lab-0.1
1781157418.8927,116.44855546951294,A1_HOLDING_SERVO_ON,A1_HOLDING_SERVO_ON_R03_20260611_125501,delta-asda-b3-e,1616,VE|SOD|TR,1,0,-7097,0,0,0.0,-1,-0.002391,299,49,4270,2391,6000,,0,,,,holding,normal,0,no_load,none,"A1: Servo ON, shaft stationary",servo-app/lab-0.1
1781157418.992975,116.54883050918579,A1_HOLDING_SERVO_ON,A1_HOLDING_SERVO_ON_R03_20260611_125501,delta-asda-b3-e,1616,VE|SOD|TR,1,0,-7101,0,0,0.0,0,0.0,299,49,4270,2391,6000,,0,,,,holding,normal,0,no_load,none,"A1: Servo ON, shaft stationary",servo-app/lab-0.1
1781157419.0935178,116.64937329292297,A1_HOLDING_SERVO_ON,A1_HOLDING_SERVO_ON_R03_20260611_125501,delta-asda-b3-e,1616,VE|SOD|TR,1,0,-7097,0,-1,-0.00427,0,0.0,299,49,4270,2391,6000,,0,,,,holding,normal,0,no_load,none,"A1: Servo ON, shaft stationary",servo-app/lab-0.1
1781157419.1938431,116.74969863891602,A1_HOLDING_SERVO_ON,A1_HOLDING_SERVO_ON_R03_20260611_125501,delta-asda-b3-e,1616,VE|SOD|TR,1,0,-7101,0,-1,-0.00427,-1,-0.002391,299,49,4270,2391,6000,,0,,,,holding,normal,0,no_load,none,"A1: Servo ON, shaft stationary",servo-app/lab-0.1
1781157419.2942996,116.85015511512756,A1_HOLDING_SERVO_ON,A1_HOLDING_SERVO_ON_R03_20260611_125501,delta-asda-b3-e,1616,VE|SOD|TR,1,0,-7101,0,-1,-0.00427,0,0.0,298,49,4270,2391,6000,,0,,,,holding,normal,0,no_load,none,"A1: Servo ON, shaft stationary",servo-app/lab-0.1
1781157419.3948324,116.95068788528442,A1_HOLDING_SERVO_ON,A1_HOLDING_SERVO_ON_R03_20260611_125501,delta-asda-b3-e,1616,VE|SOD|TR,1,0,-7101,0,-1,-0.00427,0,0.0,299,49,4270,2391,6000,,0,,,,holding,normal,0,no_load,none,"A1: Servo ON, shaft stationary",servo-app/lab-0.1
1781157419.4950473,117.05090284347534,A1_HOLDING_SERVO_ON,A1_HOLDING_SERVO_ON_R03_20260611_125501,delta-asda-b3-e,1616,VE|SOD|TR,1,0,-7101,0,0,0.0,0,0.0,299,49,4270,2391,6000,,0,,,,holding,normal,0,no_load,none,"A1: Servo ON, shaft stationary",servo-app/lab-0.1
1781157419.595558,117.15141344070435,A1_HOLDING_SERVO_ON,A1_HOLDING_SERVO_ON_R03_20260611_125501,delta-asda-b3-e,1616,VE|SOD|TR,1,0,-7101,0,-1,-0.00427,0,0.0,299,49,4270,2391,6000,,0,,,,holding,normal,0,no_load,none,"A1: Servo ON, shaft stationary",servo-app/lab-0.1
1781157419.6958663,117.25172185897827,A1_HOLDING_SERVO_ON,A1_HOLDING_SERVO_ON_R03_20260611_125501,delta-asda-b3-e,1616,VE|SOD|TR,1,0,-7101,0,-1,-0.00427,-1,-0.002391,299,49,4270,2391,6000,,0,,,,holding,normal,0,no_load,none,"A1: Servo ON, shaft stationary",servo-app/lab-0.1
1781157419.7959816,117.35183715820312,A1_HOLDING_SERVO_ON,A1_HOLDING_SERVO_ON_R03_20260611_125501,delta-asda-b3-e,1616,VE|SOD|TR,1,0,-7101,0,0,0.0,-1,-0.002391,299,49,4270,2391,6000,,0,,,,holding,normal,0,no_load,none,"A1: Servo ON, shaft stationary",servo-app/lab-0.1
1781157419.8961933,117.45204877853394,A1_HOLDING_SERVO_ON,A1_HOLDING_SERVO_ON_R03_20260611_125501,delta-asda-b3-e,1616,VE|SOD|TR,1,0,-7101,0,-1,-0.00427,-1,-0.002391,299,49,4270,2391,6000,,0,,,,holding,normal,0,no_load,none,"A1: Servo ON, shaft stationary",servo-app/lab-0.1
1781157419.9967144,117.55256986618042,A1_HOLDING_SERVO_ON,A1_HOLDING_SERVO_ON_R03_20260611_125501,delta-asda-b3-e,1616,VE|SOD|TR,1,0,-7101,0,0,0.0,0,0.0,299,49,4270,2391,6000,,0,,,,holding,normal,0,no_load,none,"A1: Servo ON, shaft stationary",servo-app/lab-0.1
1781157420.0969787,117.65283417701721,A1_HOLDING_SERVO_ON,A1_HOLDING_SERVO_ON_R03_20260611_125501,delta-asda-b3-e,1616,VE|SOD|TR,1,0,-7101,0,0,0.0,0,0.0,299,49,4270,2391,6000,,0,,,,holding,normal,0,no_load,none,"A1: Servo ON, shaft stationary",servo-app/lab-0.1
1781157420.197497,117.75335240364075,A1_HOLDING_SERVO_ON,A1_HOLDING_SERVO_ON_R03_20260611_125501,delta-asda-b3-e,1616,VE|SOD|TR,1,0,-7101,0,0,0.0,0,0.0,299,49,4270,2391,6000,,0,,,,holding,normal,0,no_load,none,"A1: Servo ON, shaft stationary",servo-app/lab-0.1
1781157420.2975743,117.85342979431152,A1_HOLDING_SERVO_ON,A1_HOLDING_SERVO_ON_R03_20260611_125501,delta-asda-b3-e,1616,VE|SOD|TR,1,0,-7101,0,0,0.0,0,0.0,299,49,4270,2391,6000,,0,,,,holding,normal,0,no_load,none,"A1: Servo ON, shaft stationary",servo-app/lab-0.1
1781157420.3978503,117.95370578765869,A1_HOLDING_SERVO_ON,A1_HOLDING_SERVO_ON_R03_20260611_125501,delta-asda-b3-e,1616,VE|SOD|TR,1,0,-7101,0,0,0.0,-1,-0.002391,299,49,4270,2391,6000,,0,,,,holding,normal,0,no_load,none,"A1: Servo ON, shaft stationary",servo-app/lab-0.1
1781157420.4980938,118.0539493560791,A1_HOLDING_SERVO_ON,A1_HOLDING_SERVO_ON_R03_20260611_125501,delta-asda-b3-e,1616,VE|SOD|TR,1,0,-7097,0,0,0.0,-1,-0.002391,299,49,4270,2391,6000,,0,,,,holding,normal,0,no_load,none,"A1: Servo ON, shaft stationary",servo-app/lab-0.1
1781157420.5982172,118.15407276153564,A1_HOLDING_SERVO_ON,A1_HOLDING_SERVO_ON_R03_20260611_125501,delta-asda-b3-e,1616,VE|SOD|TR,1,0,-7101,0,-1,-0.00427,0,0.0,298,49,4270,2391,6000,,0,,,,holding,normal,0,no_load,none,"A1: Servo ON, shaft stationary",servo-app/lab-0.1
1781157420.6985688,118.25442433357239,A1_HOLDING_SERVO_ON,A1_HOLDING_SERVO_ON_R03_20260611_125501,delta-asda-b3-e,1616,VE|SOD|TR,1,0,-7101,0,-1,-0.00427,0,0.0,299,49,4270,2391,6000,,0,,,,holding,normal,0,no_load,none,"A1: Servo ON, shaft stationary",servo-app/lab-0.1
1781157420.798635,118.35449051856995,A1_HOLDING_SERVO_ON,A1_HOLDING_SERVO_ON_R03_20260611_125501,delta-asda-b3-e,1616,VE|SOD|TR,1,0,-7101,0,-1,-0.00427,0,0.0,299,49,4270,2391,6000,,0,,,,holding,normal,0,no_load,none,"A1: Servo ON, shaft stationary",servo-app/lab-0.1
1781157420.899082,118.45493745803833,A1_HOLDING_SERVO_ON,A1_HOLDING_SERVO_ON_R03_20260611_125501,delta-asda-b3-e,1616,VE|SOD|TR,1,0,-7101,0,-1,-0.00427,0,0.0,299,49,4270,2391,6000,,0,,,,holding,normal,0,no_load,none,"A1: Servo ON, shaft stationary",servo-app/lab-0.1
1781157420.9995625,118.55541801452637,A1_HOLDING_SERVO_ON,A1_HOLDING_SERVO_ON_R03_20260611_125501,delta-asda-b3-e,1616,VE|SOD|TR,1,0,-7091,0,0,0.0,0,0.0,298,49,4270,2391,6000,,0,,,,holding,normal,0,no_load,none,"A1: Servo ON, shaft stationary",servo-app/lab-0.1
1781157421.0998347,118.65569019317627,A1_HOLDING_SERVO_ON,A1_HOLDING_SERVO_ON_R03_20260611_125501,delta-asda-b3-e,1616,VE|SOD|TR,1,0,-7101,0,-1,-0.00427,-1,-0.002391,299,49,4270,2391,6000,,0,,,,holding,normal,0,no_load,none,"A1: Servo ON, shaft stationary",servo-app/lab-0.1
1781157421.2001922,118.75604772567749,A1_HOLDING_SERVO_ON,A1_HOLDING_SERVO_ON_R03_20260611_125501,delta-asda-b3-e,1616,VE|SOD|TR,1,0,-7101,0,0,0.0,0,0.0,298,49,4270,2391,6000,,0,,,,holding,normal,0,no_load,none,"A1: Servo ON, shaft stationary",servo-app/lab-0.1
1781157421.3002877,118.85614323616028,A1_HOLDING_SERVO_ON,A1_HOLDING_SERVO_ON_R03_20260611_125501,delta-asda-b3-e,1616,VE|SOD|TR,1,0,-7101,0,0,0.0,0,0.0,298,49,4270,2391,6000,,0,,,,holding,normal,0,no_load,none,"A1: Servo ON, shaft stationary",servo-app/lab-0.1
1781157421.4007583,118.956613779068,A1_HOLDING_SERVO_ON,A1_HOLDING_SERVO_ON_R03_20260611_125501,delta-asda-b3-e,1616,VE|SOD|TR,1,0,-7101,0,0,0.0,-1,-0.002391,299,49,4270,2391,6000,,0,,,,holding,normal,0,no_load,none,"A1: Servo ON, shaft stationary",servo-app/lab-0.1
1781157421.5008588,119.05671429634094,A1_HOLDING_SERVO_ON,A1_HOLDING_SERVO_ON_R03_20260611_125501,delta-asda-b3-e,1616,VE|SOD|TR,1,0,-7091,0,0,0.0,-1,-0.002391,299,49,4270,2391,6000,,0,,,,holding,normal,0,no_load,none,"A1: Servo ON, shaft stationary",servo-app/lab-0.1
1781157421.6012497,119.15710520744324,A1_HOLDING_SERVO_ON,A1_HOLDING_SERVO_ON_R03_20260611_125501,delta-asda-b3-e,1616,VE|SOD|TR,1,0,-7101,0,0,0.0,0,0.0,298,49,4270,2391,6000,,0,,,,holding,normal,0,no_load,none,"A1: Servo ON, shaft stationary",servo-app/lab-0.1
1781157421.7018394,119.2576949596405,A1_HOLDING_SERVO_ON,A1_HOLDING_SERVO_ON_R03_20260611_125501,delta-asda-b3-e,1616,VE|SOD|TR,1,0,-7101,0,0,0.0,0,0.0,299,49,4270,2391,6000,,0,,,,holding,normal,0,no_load,none,"A1: Servo ON, shaft stationary",servo-app/lab-0.1
1781157421.802151,119.35800647735596,A1_HOLDING_SERVO_ON,A1_HOLDING_SERVO_ON_R03_20260611_125501,delta-asda-b3-e,1616,VE|SOD|TR,1,0,-7101,0,-1,-0.00427,0,0.0,298,49,4270,2391,6000,,0,,,,holding,normal,0,no_load,none,"A1: Servo ON, shaft stationary",servo-app/lab-0.1
1781157421.9026537,119.45850920677185,A1_HOLDING_SERVO_ON,A1_HOLDING_SERVO_ON_R03_20260611_125501,delta-asda-b3-e,1616,VE|SOD|TR,1,0,-7095,0,-1,-0.00427,-1,-0.002391,298,49,4270,2391,6000,,0,,,,holding,normal,0,no_load,none,"A1: Servo ON, shaft stationary",servo-app/lab-0.1
1781157422.002937,119.55879259109497,A1_HOLDING_SERVO_ON,A1_HOLDING_SERVO_ON_R03_20260611_125501,delta-asda-b3-e,1616,VE|SOD|TR,1,0,-7101,0,0,0.0,-1,-0.002391,298,49,4270,2391,6000,,0,,,,holding,normal,0,no_load,none,"A1: Servo ON, shaft stationary",servo-app/lab-0.1
1781157422.10391,119.65976548194885,A1_HOLDING_SERVO_ON,A1_HOLDING_SERVO_ON_R03_20260611_125501,delta-asda-b3-e,1616,VE|SOD|TR,1,0,-7097,0,0,0.0,0,0.0,299,49,4270,2391,6000,,0,,,,holding,normal,0,no_load,none,"A1: Servo ON, shaft stationary",servo-app/lab-0.1
1781157422.2043564,119.76021194458008,A1_HOLDING_SERVO_ON,A1_HOLDING_SERVO_ON_R03_20260611_125501,delta-asda-b3-e,1616,VE|SOD|TR,1,0,-7101,0,0,0.0,-1,-0.002391,299,49,4270,2391,6000,,0,,,,holding,normal,0,no_load,none,"A1: Servo ON, shaft stationary",servo-app/lab-0.1
1781157422.304574,119.86042952537537,A1_HOLDING_SERVO_ON,A1_HOLDING_SERVO_ON_R03_20260611_125501,delta-asda-b3-e,1616,VE|SOD|TR,1,0,-7101,0,-1,-0.00427,0,0.0,299,49,4270,2391,6000,,0,,,,holding,normal,0,no_load,none,"A1: Servo ON, shaft stationary",servo-app/lab-0.1
